n=1
n=2
n=3
(72, '{6}')
(73, '{11, 6}')
(74, '{11, 6}')
(75, '{6, 9, 11, 13, 14}')
(76, '{6, 9, 11, 13, 14}')
(77, '{6, 9, 10, 11, 13, 14}')
(78, '{6, 9, 10, 11, 13, 14}')
(79, '{6, 9, 10, 11, 13, 14}')
(80, '{6, 9, 10, 11, 13, 14}')
(81, '{6, 9, 10, 11, 13, 14}')
(82, '{6, 9, 10, 11, 13, 14}')
(83, '{6, 9, 10, 11, 13, 14}')
(84, '{6, 9, 10, 11, 13, 14}')
(85, '{6, 9, 10, 11, 13, 14}')
(86, '{6, 9, 10, 11, 13, 14}')
(87, '{6, 9, 10, 11, 13, 14}')
(88, '{6, 9, 10, 11, 13, 14}')
(89, '{6, 9, 10, 11, 13, 14}')
(90, '{6, 9, 10, 11, 13, 14}')
(91, '{6, 9, 10, 11, 13, 14}')
(92, '{6, 9, 10, 11, 13, 14}')
(93, '{6, 9, 10, 11, 13, 14}')
(94, '{6, 9, 10, 11, 13, 14}')
(95, '{6, 9, 10, 11, 13, 14}')
(96, '{6, 9, 10, 11, 13, 14}')
(97, '{6, 9, 10, 11, 13, 14}')
(98, '{6, 9, 10, 11, 13, 14}')
(99, '{6, 9, 10, 11, 13, 14}')
(100, '{6, 9, 10, 11, 13, 14}')
(101, '{6, 9, 10, 11, 13, 14}')
(102, '{6, 9, 10, 11, 13, 14}')
(103, '{6, 9, 10, 11, 13, 14}')
(104, '{6, 9, 10, 11, 13, 14}')
n=4
n=5
n=6
(72, '{1, 2, 3, 4, 5, 15}')
(73, '{1, 2, 3, 4, 5, 8, 15}')
(74, '{1, 2, 3, 4, 5, 8, 15}')
(75, '{1, 2, 3, 4, 5, 8, 15}')
(76, '{1, 2, 3, 4, 5, 8, 15}')
(77, '{1, 2, 3, 4, 5, 8, 15}')
(78, '{1, 2, 3, 4, 5, 8, 15}')
(79, '{1, 2, 3, 4, 5, 8, 15}')
(80, '{1, 2, 3, 4, 5, 8, 15}')
(81, '{1, 2, 3, 4, 5, 8, 15}')
(82, '{1, 2, 3, 4, 5, 8, 15}')
(83, '{1, 2, 3, 4, 5, 8, 15}')
(84, '{1, 2, 3, 4, 5, 8, 15}')
(85, '{1, 2, 3, 4, 5, 8, 15}')
(86, '{1, 2, 3, 4, 5, 8, 15}')
(87, '{1, 2, 3, 4, 5, 8, 15}')
(88, '{1, 2, 3, 4, 5, 8, 15}')
(89, '{1, 2, 3, 4, 5, 8, 15}')
(90, '{1, 2, 3, 4, 5, 8, 15}')
(91, '{1, 2, 3, 4, 5, 8, 15}')
(92, '{1, 2, 3, 4, 5, 8, 15}')
(93, '{1, 2, 3, 4, 5, 8, 15}')
(94, '{1, 2, 3, 4, 5, 8, 15}')
(95, '{1, 2, 3, 4, 5, 8, 15}')
(96, '{1, 2, 3, 4, 5, 8, 15}')
(97, '{1, 2, 3, 4, 5, 8, 15}')
(98, '{1, 2, 3, 4, 5, 8, 15}')
(99, '{1, 2, 3, 4, 5, 8, 15}')
(100, '{1, 2, 3, 4, 5, 8, 15}')
(101, '{1, 2, 3, 4, 5, 8, 15}')
(102, '{1, 2, 3, 4, 5, 8, 15}')
(103, '{1, 2, 3, 4, 5, 8, 15}')
n=7
(3, '{12}')
(4, '{12}')
(5, '{11, 12, 13}')
(6, '{11, 12, 13}')
(7, '{8, 9, 10, 11, 12, 13, 14}')
(8, '{8, 9, 10, 11, 12, 13, 14}')
(9, '{8, 9, 10, 11, 12, 13, 14}')
(10, '{8, 9, 10, 11, 12, 13, 14}')
(11, '{8, 9, 10, 11, 12, 13, 14}')
(12, '{8, 9, 10, 11, 12, 13, 14}')
(13, '{8, 9, 10, 11, 12, 13, 14}')
(14, '{8, 9, 10, 11, 12, 13, 14}')
(15, '{8, 9, 10, 11, 12, 13, 14}')
(16, '{8, 9, 10, 11, 12, 13, 14}')
(17, '{8, 9, 10, 11, 12, 13, 14}')
(18, '{8, 9, 10, 11, 12, 13, 14}')
(19, '{8, 9, 10, 11, 12, 13, 14}')
(20, '{8, 9, 10, 11, 12, 13, 14}')
(21, '{8, 9, 10, 11, 12, 13, 14}')
(22, '{8, 9, 10, 11, 12, 13, 14}')
(23, '{8, 9, 10, 11, 12, 13, 14}')
(24, '{8, 9, 10, 11, 12, 13, 14}')
(25, '{8, 9, 10, 11, 12, 13, 14}')
(26, '{8, 9, 10, 11, 12, 13, 14}')
(27, '{8, 9, 10, 11, 12, 13, 14}')
(28, '{8, 9, 10, 11, 12, 13, 14}')
(29, '{8, 9, 10, 11, 12, 13, 14}')
(30, '{8, 9, 10, 11, 12, 13, 14}')
(31, '{8, 9, 10, 11, 12, 13, 14}')
(32, '{8, 9, 10, 11, 12, 13, 14}')
(33, '{8, 9, 10, 11, 12, 13, 14}')
(34, '{8, 9, 10, 11, 12, 13, 14}')
(35, '{8, 9, 10, 11, 12, 13, 14}')
(36, '{8, 9, 10, 11, 12, 13, 14}')
(37, '{8, 9, 10, 11, 12, 13, 14}')
(38, '{8, 9, 10, 11, 12, 13, 14}')
(39, '{8, 9, 10, 11, 12, 13, 14}')
(40, '{8, 9, 10, 11, 12, 13, 14}')
(41, '{8, 9, 10, 11, 12, 13, 14}')
(42, '{8, 9, 10, 11, 12, 13, 14}')
(43, '{8, 9, 10, 11, 12, 13, 14}')
(44, '{8, 9, 10, 11, 12, 13, 14}')
(45, '{8, 9, 10, 11, 12, 13, 14}')
(46, '{8, 9, 10, 11, 12, 13, 14}')
(47, '{8, 9, 10, 11, 12, 13, 14}')
(48, '{8, 9, 10, 11, 12, 13, 14}')
(49, '{8, 9, 10, 11, 12, 13, 14}')
(50, '{8, 9, 10, 11, 12, 13, 14}')
(51, '{8, 9, 10, 11, 12, 13, 14}')
(52, '{8, 9, 10, 11, 12, 13, 14}')
(53, '{8, 9, 10, 11, 12, 13, 14}')
(54, '{8, 9, 10, 11, 12, 13, 14}')
(55, '{8, 9, 10, 11, 12, 13, 14}')
(56, '{8, 9, 10, 11, 12, 13, 14}')
(57, '{8, 9, 10, 11, 12, 13, 14}')
(58, '{8, 9, 10, 11, 12, 13, 14}')
(59, '{8, 9, 10, 11, 12, 13, 14}')
(60, '{8, 9, 10, 11, 12, 13, 14}')
(61, '{8, 9, 10, 11, 12, 13, 14}')
(62, '{8, 9, 10, 11, 12, 13, 14}')
(63, '{8, 9, 10, 11, 12, 13, 14}')
(64, '{8, 9, 10, 11, 12, 13, 14}')
(65, '{8, 9, 10, 11, 12, 13, 14}')
(66, '{8, 9, 10, 11, 12, 13, 14}')
(67, '{8, 9, 10, 11, 12, 13, 14}')
(68, '{8, 9, 10, 11, 12, 13, 14}')
n=8
(110, '{1, 2, 5, 10, 15}')
(111, '{1, 2, 5, 10, 15}')
(112, '{1, 2, 5, 10, 15}')
(113, '{1, 2, 5, 10, 15}')
(114, '{1, 2, 5, 10, 15}')
(115, '{1, 2, 5, 10, 15}')
(116, '{1, 2, 4, 5, 10, 11, 15}')
(117, '{1, 2, 4, 5, 10, 11, 15}')
(118, '{1, 2, 4, 5, 10, 11, 15}')
(119, '{1, 2, 4, 5, 10, 11, 15}')
(120, '{1, 2, 4, 5, 10, 11, 15}')
(121, '{1, 2, 4, 5, 10, 11, 15}')
(122, '{1, 2, 4, 5, 10, 11, 15}')
(123, '{1, 2, 4, 5, 10, 11, 15}')
(124, '{1, 2, 4, 5, 10, 11, 15}')
n=9
(135, '{13}')
n=10
n=11
n=12
(3, '{1, 2, 3, 4, 5, 6, 7}')
(4, '{1, 2, 3, 4, 5, 6, 7}')
(5, '{1, 2, 3, 4, 5, 6, 7}')
(6, '{1, 2, 3, 4, 5, 6, 7}')
(7, '{1, 2, 3, 4, 5, 6, 7}')
(8, '{1, 2, 3, 4, 5, 6, 7}')
(9, '{1, 2, 3, 4, 5, 6, 7}')
(10, '{1, 2, 3, 4, 5, 6, 7}')
(11, '{1, 2, 3, 4, 5, 6, 7}')
(12, '{1, 2, 3, 4, 5, 6, 7}')
(13, '{1, 2, 3, 4, 5, 6, 7}')
(14, '{1, 2, 3, 4, 5, 6, 7}')
(15, '{1, 2, 3, 4, 5, 6, 7}')
(16, '{1, 2, 3, 4, 5, 6, 7}')
(17, '{1, 2, 3, 4, 5, 6, 7}')
(18, '{1, 2, 3, 4, 5, 6, 7}')
(19, '{1, 2, 3, 4, 5, 6, 7}')
(20, '{1, 2, 3, 4, 5, 6, 7}')
(21, '{1, 2, 3, 4, 5, 6, 7}')
(22, '{1, 2, 3, 4, 5, 6, 7}')
(23, '{1, 2, 3, 4, 5, 6, 7}')
(24, '{1, 2, 3, 4, 5, 6, 7}')
(25, '{1, 2, 3, 4, 5, 6, 7}')
(26, '{1, 2, 3, 4, 5, 6, 7}')
(27, '{1, 2, 3, 4, 5, 6, 7}')
(28, '{1, 2, 3, 4, 5, 6, 7}')
(29, '{1, 2, 3, 4, 5, 6, 7}')
(30, '{1, 2, 3, 4, 5, 6, 7}')
(31, '{1, 2, 3, 4, 5, 6, 7}')
(32, '{1, 2, 3, 4, 5, 6, 7}')
(33, '{1, 2, 3, 4, 5, 6, 7}')
(34, '{1, 2, 3, 4, 5, 6, 7}')
(35, '{1, 2, 3, 4, 5, 6, 7}')
(36, '{1, 2, 3, 4, 5, 6, 7}')
(37, '{1, 2, 3, 4, 5, 6, 7}')
(38, '{1, 2, 3, 4, 5, 6, 7}')
(39, '{1, 2, 3, 4, 5, 6, 7}')
(40, '{1, 2, 3, 4, 5, 6, 7}')
(41, '{1, 2, 3, 4, 5, 6, 7}')
(42, '{1, 2, 3, 4, 5, 6, 7}')
(43, '{1, 2, 3, 4, 5, 6, 7}')
(44, '{1, 2, 3, 4, 5, 6, 7}')
(45, '{1, 2, 3, 4, 5, 6, 7}')
(46, '{1, 2, 3, 4, 5, 6, 7}')
(47, '{1, 2, 3, 4, 5, 6, 7}')
(48, '{1, 2, 3, 4, 5, 6, 7}')
(49, '{1, 2, 3, 4, 5, 6, 7}')
(50, '{1, 2, 3, 4, 5, 6, 7}')
(51, '{1, 2, 3, 4, 5, 6, 7}')
(52, '{1, 2, 3, 4, 5, 6, 7}')
(53, '{1, 2, 3, 4, 5, 6, 7}')
(54, '{1, 2, 3, 4, 5, 6, 7}')
(55, '{1, 2, 3, 4, 5, 6, 7}')
(56, '{1, 2, 3, 4, 5, 6, 7}')
(57, '{1, 2, 3, 4, 5, 6, 7}')
(58, '{1, 2, 3, 4, 5, 6, 7}')
(59, '{1, 2, 3, 4, 5, 6, 7}')
(60, '{1, 2, 3, 4, 5, 6, 7}')
(61, '{1, 2, 3, 4, 5, 6, 7}')
(62, '{1, 2, 3, 4, 5, 6, 7}')
(63, '{1, 2, 3, 4, 5, 6, 7}')
(64, '{1, 2, 3, 4, 5, 6, 7}')
(65, '{1, 2, 3, 4, 5, 6, 7}')
n=13
(135, '{9}')
n=14
(110, '{8, 9, 13}')
(111, '{8, 9, 13}')
(112, '{8, 9, 13}')
(113, '{8, 9, 13}')
(114, '{8, 9, 13}')
(115, '{8, 9, 13}')
(116, '{8, 9, 13}')
(117, '{8, 9, 13}')
(118, '{8, 9, 13}')
(119, '{8, 9, 13}')
(120, '{8, 9, 13}')
(121, '{8, 9, 13}')
(122, '{8, 9, 13}')
(123, '{8, 9, 13}')
(124, '{8, 9, 13}')
(125, '{8, 9, 13}')
(126, '{8, 9, 13}')
(127, '{8, 9, 13}')
n=15
(110, '{11, 4, 14}')
(111, '{11, 4, 14}')
(112, '{11, 4, 14}')
