n=1
99.35
95.45
88.8
79.34
72.63
69.29
63.44
58.77
56.51
54.45
52.79
51.55
49.91
48.25
46.59
44.53
42.87
41.63
39.99
38.33
36.67
34.61
32.95
31.71
30.07
28.41
26.75
24.69
23.03
21.79
20.15
18.49
16.83
15.99
15.36
14.11
12.66
11.41
10.36
9.31
8.47
6.98
4.57
1.56
-0.85
n=2
99.35
95.45
88.49
78.72
72.01
68.67
62.82
58.15
55.89
53.83
52.17
50.93
49.29
47.63
45.97
43.91
42.25
41.01
39.37
37.71
36.05
33.99
32.33
31.09
29.45
27.79
26.13
24.07
22.41
21.17
19.53
17.87
16.21
15.37
14.74
13.49
12.04
10.79
9.74
8.69
7.85
6.36
4.2
1.73
-0.14
n=3
99.35
95.45
88.8
79.34
72.63
69.29
62.79
57.37
54.3
51.62
49.4
47.55
44.94
42.52
40.05
37.37
35.15
33.3
30.69
28.27
25.8
23.12
20.9
19.05
16.44
14.02
11.55
8.87
6.65
4.8
2.19
-0.23
n=4
99.35
95.45
88.18
78.2
71.84
67.33
60.06
54.88
52.41
50.15
48.29
46.85
45.01
43.15
41.29
39.03
37.17
35.73
33.89
32.03
30.17
27.91
26.05
24.61
22.77
20.91
19.05
16.79
14.93
13.49
11.65
9.79
7.93
6.89
6.06
4.61
2.96
1.51
0.26
-0.99
n=5
99.35
95.45
88.49
78.72
72.01
68.36
62.2
57.53
55.27
53.21
51.55
50.31
48.67
47.01
45.35
43.29
41.63
40.39
38.75
37.09
35.43
33.37
31.71
30.47
28.83
27.17
25.51
23.45
21.79
20.55
18.91
17.25
15.59
14.75
14.12
12.87
11.42
10.17
9.12
8.07
6.58
5.19
2.16
-1.47
n=6
99.35
95.45
88.8
79.34
72.63
69.29
62.79
57.37
54.3
51.62
49.4
47.55
44.94
42.52
40.05
37.37
35.15
33.3
30.69
28.27
25.8
23.12
20.9
19.05
16.44
14.02
11.55
8.87
6.65
4.8
2.19
-0.23
n=7
99.35
95.45
88.18
78.2
71.84
67.33
59.75
54.26
51.79
49.53
47.67
46.23
44.39
42.53
40.67
38.41
36.55
35.11
33.27
31.41
29.55
27.29
25.43
23.99
22.15
20.29
18.43
16.17
14.31
12.87
11.03
9.17
7.31
6.27
5.44
3.99
2.34
0.89
-0.36
n=8
99.35
95.45
88.49
78.72
72.01
68.36
62.2
57.53
55.27
53.21
51.55
50.31
48.67
47.01
45.35
43.29
41.63
40.39
38.75
37.09
35.43
33.37
31.71
30.47
28.83
27.17
25.51
23.45
21.79
20.55
18.91
17.25
15.59
14.75
14.12
12.87
11.42
10.17
9.12
8.07
7.23
5.74
3.58
1.11
-0.76
n=9
99.35
95.45
88.8
79.34
72.63
69.29
63.44
58.77
56.51
54.45
52.79
51.55
49.91
48.25
46.59
44.53
42.87
41.63
39.99
38.33
36.67
34.61
32.95
31.71
30.07
28.41
26.75
24.69
23.03
21.79
20.15
18.49
16.83
15.99
14.71
12.91
10.91
9.11
7.51
5.91
4.52
3.13
0.72
-2.29
n=10
99.35
95.45
88.49
78.72
72.01
68.67
62.82
58.15
55.89
53.83
52.17
50.93
49.29
47.63
45.97
43.91
42.25
41.01
39.37
37.71
36.05
33.99
32.33
31.09
29.45
27.79
26.13
24.07
22.41
21.17
19.53
17.87
16.21
15.37
14.74
13.49
12.04
10.79
9.74
8.69
7.2
5.81
3.09
-0.23
n=11
99.35
95.45
88.18
78.2
71.84
67.33
60.37
55.5
53.03
50.77
48.91
47.47
45.63
43.77
41.91
39.65
37.79
36.35
34.51
32.65
30.79
28.53
26.67
25.23
23.39
21.53
19.67
17.41
15.55
14.11
12.27
10.41
8.55
7.51
6.68
4.92
2.96
1.51
0.26
-0.99
n=12
99.35
95.45
87.87
77.58
71.22
66.6
59.28
54.07
51.26
48.65
46.44
44.65
42.46
40.25
38.04
35.43
33.22
31.43
29.24
27.03
24.82
22.21
20.0
18.21
16.02
13.81
11.6
8.99
6.78
4.99
2.8
0.59
-1.62
n=13
99.35
95.45
88.49
78.72
72.01
68.67
62.82
58.15
55.89
53.83
52.17
50.93
49.29
47.63
45.97
43.91
42.25
41.01
39.37
37.71
36.05
33.99
32.33
31.09
29.45
27.79
26.13
24.07
22.41
21.17
19.53
17.87
16.21
15.37
14.74
13.49
12.04
10.79
9.74
8.69
7.85
6.36
4.2
1.73
-0.14
n=14
99.35
95.45
88.49
78.72
72.01
68.67
62.82
58.15
55.89
53.83
52.17
50.93
49.29
47.63
45.97
43.91
42.25
41.01
39.37
37.71
36.05
33.99
32.33
31.09
29.45
27.79
26.13
24.07
22.41
21.17
19.53
17.87
16.21
15.37
14.09
12.54
11.08
9.82
8.77
7.72
6.88
5.39
2.98
-0.03
n=15
99.35
95.45
88.8
79.34
72.63
69.29
63.44
58.77
56.51
54.45
52.79
51.55
49.91
48.25
46.59
44.53
42.87
41.63
39.99
38.33
36.67
34.61
32.95
31.71
30.07
28.41
26.75
24.69
23.03
21.79
20.15
18.49
16.83
15.99
14.71
12.91
10.91
9.11
7.51
5.91
4.52
3.13
0.72
-2.29
