n=1
99.35
96.5
91.65
84.99
80.33
77.35
72.86
69.17
66.29
63.41
60.53
57.65
54.77
51.89
49.01
46.13
43.25
40.37
37.49
34.61
31.73
28.85
25.97
24.3
22.63
20.96
19.29
17.62
15.95
14.28
12.21
10.02
7.03
3.33
0.94
-1.24
n=2
99.35
96.5
91.65
84.99
80.33
77.35
72.56
68.57
65.38
62.19
59.0
55.81
52.62
49.43
46.24
43.05
39.86
36.67
33.48
30.29
27.1
23.91
20.72
18.75
16.78
14.81
12.84
10.87
8.9
6.93
4.96
2.97
0.18
-3.41
n=3
99.35
96.5
91.65
84.99
80.33
77.35
72.86
69.17
66.29
63.41
60.53
57.65
54.77
51.89
49.01
46.13
43.25
40.37
37.49
34.61
31.73
28.85
25.97
24.3
22.63
20.96
19.29
17.62
15.95
14.28
12.21
10.02
6.72
2.81
0.61
-1.99
n=4
99.35
96.5
90.1
81.99
77.43
73.0
66.77
61.34
56.71
52.08
47.45
42.82
38.19
33.56
28.93
24.3
19.67
15.04
10.41
5.78
1.15
-3.48
n=5
99.35
96.5
91.65
84.99
80.33
77.35
72.56
68.57
65.38
62.19
59.0
55.81
52.62
49.43
46.24
43.05
39.86
36.67
33.48
30.29
27.1
23.91
20.72
18.75
16.78
14.81
12.84
10.87
8.9
6.93
4.96
2.97
0.18
-3.41
n=6
99.35
96.5
91.65
84.99
80.33
77.35
72.86
69.17
66.29
63.41
60.53
57.65
54.77
51.89
49.01
46.13
43.25
40.37
37.49
34.61
31.73
28.85
25.97
24.3
22.63
20.96
19.29
17.62
15.95
14.28
12.21
10.02
7.03
3.33
0.94
-1.24
n=7
99.35
96.5
91.65
84.99
80.33
77.35
72.86
69.17
66.29
63.41
60.53
57.65
54.77
51.89
49.01
46.13
43.25
40.37
37.49
34.61
31.73
28.85
25.97
24.3
22.63
20.96
19.29
17.62
15.95
14.28
12.21
10.02
6.72
2.71
0.31
-2.49
n=8
99.35
96.5
91.65
84.99
80.33
77.35
72.56
68.57
65.38
62.19
59.0
55.81
52.62
49.43
46.24
43.05
39.86
36.67
33.48
30.29
27.1
23.91
20.72
18.75
16.78
14.81
12.84
10.87
8.9
6.93
4.96
2.97
-0.44
n=9
99.35
96.5
90.72
83.23
78.37
74.57
68.96
64.77
61.38
57.99
54.6
51.21
47.82
44.43
41.04
37.65
34.26
30.87
27.48
24.09
20.7
17.31
13.92
11.75
9.58
7.41
5.24
3.07
0.9
-1.27
n=10
99.35
96.5
91.03
83.85
78.99
75.19
69.58
65.39
62.0
58.61
55.22
51.83
48.44
45.05
41.66
38.27
34.88
31.49
28.1
24.71
21.32
17.93
14.54
12.37
10.2
8.03
5.86
3.69
1.52
-0.65
