n=1
99.65
99.4
98.52
95.63
92.66
90.54
88.62
86.7
84.89
82.97
80.45
77.93
75.91
74.2
72.18
70.06
67.94
66.23
64.21
62.29
60.37
58.35
56.64
54.72
52.81
50.59
48.07
45.45
43.53
41.61
39.69
38.18
36.37
34.45
32.53
30.51
28.59
26.67
24.86
22.94
20.42
17.9
15.88
13.96
12.25
10.33
8.31
6.39
4.89
3.6
1.6
-0.38
n=2
99.65
99.4
98.52
95.63
92.66
90.54
88.62
86.6
84.89
82.97
80.45
77.83
75.91
74.2
72.18
70.06
67.94
66.23
64.21
62.29
60.37
58.45
56.64
54.72
52.81
50.69
48.07
45.55
43.63
41.71
39.99
38.18
36.47
34.55
32.63
30.61
28.69
26.77
25.06
23.04
20.52
18.0
16.08
14.06
12.35
10.43
8.51
6.49
4.99
3.6
1.4
-0.48
n=3
99.65
99.4
98.22
95.58
93.15
91.48
90.01
88.54
87.18
85.16
83.09
81.01
79.54
78.28
76.81
75.14
73.47
72.21
70.74
69.27
67.8
66.33
65.07
63.6
62.04
59.82
57.75
55.67
54.2
52.73
51.26
50.0
48.74
47.27
45.8
44.33
42.86
41.39
40.03
38.01
35.94
33.86
32.39
30.92
29.66
28.19
26.72
25.25
24.2
23.36
21.82
20.14
18.55
17.89
17.02
15.44
13.44
11.13
9.45
7.74
5.93
4.64
3.25
1.75
0.05
-1.65
n=4
99.65
99.4
98.22
95.58
93.05
91.13
89.66
88.19
86.93
85.46
83.39
81.32
79.85
78.59
77.12
75.45
73.78
72.52
71.05
69.58
68.11
66.64
65.38
63.91
62.45
60.78
58.71
56.64
55.17
53.7
52.23
50.97
49.71
48.24
46.77
45.3
43.83
42.36
41.1
39.63
37.56
35.49
34.02
32.55
31.29
29.82
28.35
26.88
25.73
24.34
22.9
21.36
20.07
19.61
18.94
17.87
15.87
13.56
11.88
10.17
8.66
7.27
5.98
4.38
2.68
0.98
-0.31
n=5
99.65
99.4
98.22
95.58
93.05
91.13
89.66
88.19
86.93
85.46
83.39
81.32
79.85
78.59
77.12
75.45
73.78
72.52
71.05
69.58
68.11
66.64
65.38
63.91
62.45
60.78
58.71
56.64
55.17
53.7
52.23
50.97
49.71
48.24
46.77
45.3
43.83
42.36
41.1
39.63
37.56
35.49
34.02
32.55
31.29
29.82
28.35
26.88
25.73
24.34
22.9
21.46
20.42
20.11
19.14
18.32
16.86
15.0
13.77
12.51
11.25
10.41
9.57
8.52
7.27
6.02
5.18
4.87
4.62
4.37
3.61
2.53
1.66
0.79
0.12
-0.43
n=6
99.65
99.1
98.02
93.9
91.03
88.91
86.99
85.27
83.46
81.54
78.09
75.57
73.65
71.84
69.92
67.8
65.58
63.87
61.95
59.93
58.01
56.09
54.38
52.66
50.65
48.53
45.08
42.56
40.64
38.62
36.7
34.99
33.28
31.26
29.34
27.42
25.5
23.78
21.97
20.05
16.6
14.08
12.16
10.14
8.43
6.41
4.49
2.57
1.07
-0.02
n=7
99.65
99.1
97.72
93.84
91.01
88.69
86.57
84.45
82.54
80.42
77.7
74.98
72.86
70.95
68.83
66.51
64.19
62.28
60.16
58.04
55.92
53.8
51.89
49.77
47.66
45.34
42.62
39.9
37.78
35.66
33.54
31.63
29.72
27.6
25.48
23.36
21.24
19.12
17.21
15.09
12.37
9.65
7.53
5.41
3.5
1.38
-0.74
n=8
99.65
99.4
98.22
95.58
93.15
91.48
90.01
88.54
87.18
85.16
83.09
81.01
79.54
78.28
76.81
75.14
73.47
72.21
70.74
69.27
67.8
66.33
65.07
63.6
62.04
59.82
57.75
55.67
54.2
52.73
51.26
50.0
48.74
47.27
45.8
44.33
42.86
41.39
40.03
38.01
35.94
33.86
32.39
30.92
29.66
28.19
26.72
25.25
24.2
23.36
21.82
20.14
18.85
18.39
17.72
16.35
14.15
11.98
10.34
8.43
6.52
5.03
3.54
1.84
-0.06
n=9
99.65
99.4
98.22
95.58
93.15
91.48
90.01
88.54
87.18
85.16
83.09
81.01
79.54
78.28
76.81
75.14
73.47
72.21
70.74
69.27
67.8
66.33
65.07
63.6
62.04
59.82
57.75
55.67
54.2
52.73
51.26
50.0
48.74
47.27
45.8
44.33
42.86
41.39
40.03
38.01
35.94
33.86
32.39
30.92
29.66
28.19
26.72
25.25
24.2
23.36
21.82
20.14
18.85
18.39
17.72
16.35
14.15
12.29
10.75
9.04
7.78
6.94
6.1
5.05
3.8
2.55
1.71
1.4
1.15
0.6
-0.06
n=10
99.65
99.1
97.72
94.46
91.63
89.31
87.19
85.07
83.16
81.04
78.32
75.6
73.48
71.57
69.45
67.13
64.81
62.9
60.78
58.66
56.54
54.42
52.51
50.39
48.28
45.96
43.24
40.52
38.4
36.28
34.16
32.25
30.34
28.22
26.1
23.98
21.86
19.74
17.83
15.71
12.99
10.27
8.15
6.03
4.12
2.0
-0.12
n=11
99.65
99.4
98.22
95.58
93.05
91.13
89.66
88.19
86.93
85.46
83.39
81.32
79.85
78.59
77.12
75.45
73.78
72.52
71.05
69.58
68.11
66.64
65.38
63.91
62.45
60.78
58.71
56.64
55.17
53.7
52.23
50.97
49.71
48.24
46.77
45.3
43.83
42.36
41.1
39.63
37.56
35.49
34.02
32.55
31.29
29.82
28.35
26.88
25.73
24.34
22.9
21.36
20.07
19.61
18.64
17.82
16.36
14.5
13.27
12.01
10.75
9.91
8.97
7.37
6.12
4.86
4.02
3.71
3.46
3.21
2.45
1.37
0.4
-0.47
n=12
99.65
99.4
98.52
95.33
92.91
91.23
89.76
88.29
87.03
85.56
83.49
81.42
79.95
78.59
76.57
74.9
73.22
71.96
70.49
69.02
67.55
66.08
64.72
62.7
61.24
59.56
57.49
55.42
53.95
52.48
51.01
49.75
48.49
47.02
45.55
44.08
42.61
41.14
39.88
38.41
36.34
34.27
32.8
31.33
30.07
28.6
27.13
25.66
24.61
23.67
21.68
20.25
19.2
18.89
18.22
16.85
14.65
12.17
10.53
8.62
6.71
5.22
3.73
2.03
0.13
-1.57
n=13
99.65
99.4
98.22
95.58
93.05
91.13
89.66
88.19
86.93
85.46
83.39
81.32
79.85
78.59
77.12
75.45
73.78
72.52
71.05
69.58
68.11
66.64
65.38
63.91
62.45
60.78
58.71
56.64
55.17
53.7
52.23
50.97
49.71
48.24
46.77
45.3
43.83
42.36
41.1
39.63
37.56
35.49
34.02
32.55
31.29
29.82
28.35
26.88
25.73
24.64
22.95
21.27
19.98
19.22
18.35
16.77
14.87
12.46
10.78
9.07
7.36
6.27
4.88
3.38
1.37
-0.33
n=14
99.65
99.4
98.52
95.63
92.66
90.54
88.62
86.7
84.89
82.97
80.35
77.83
75.81
74.1
72.18
70.06
68.14
66.33
64.41
62.39
60.47
58.45
56.74
54.82
52.81
50.69
48.17
45.65
43.63
41.71
39.79
37.98
36.27
34.35
32.43
30.41
28.49
26.47
24.76
22.74
20.22
17.7
15.78
14.06
12.25
10.33
8.41
6.39
4.89
3.5
1.3
-0.89
n=15
99.65
99.4
98.22
95.13
91.85
89.73
87.81
85.89
84.08
82.16
79.64
77.12
75.4
73.59
71.67
69.24
67.12
65.31
63.39
61.47
59.55
57.83
56.02
54.1
51.78
49.66
47.14
44.62
42.6
40.68
38.76
37.05
35.24
33.32
31.4
29.48
27.46
25.54
23.83
21.91
19.29
16.77
14.85
12.93
11.12
9.2
7.28
5.36
4.06
2.67
0.78
-1.1
