n=1
99.35
97.55
93.82
89.38
86.87
84.78
82.09
80.62
79.75
78.88
78.01
77.14
76.27
75.4
74.53
73.66
72.79
71.92
71.05
70.18
69.31
68.44
67.57
66.7
65.83
64.96
64.09
63.22
62.35
61.48
60.61
59.74
58.87
58.0
57.13
56.26
55.39
54.52
53.65
52.78
51.91
51.04
50.17
49.3
48.43
47.56
46.69
45.82
44.95
44.08
43.21
42.34
41.47
40.6
39.73
38.86
37.99
37.12
36.25
35.38
34.51
33.64
32.77
31.9
31.03
30.16
29.29
28.42
27.55
26.68
25.81
24.94
24.07
23.2
22.33
21.46
20.59
19.72
18.85
17.98
17.11
16.24
15.37
14.5
13.63
12.76
11.89
11.02
10.15
9.28
8.41
7.54
6.67
5.8
4.93
4.06
3.19
2.32
1.45
0.58
-0.29
n=4
99.35
97.55
94.75
91.14
88.53
86.96
85.08
83.8
83.13
82.46
81.79
81.12
80.45
79.78
79.11
78.44
77.77
77.1
76.43
75.76
75.09
74.42
73.75
73.08
72.41
71.74
71.07
70.4
69.73
69.06
68.39
67.72
67.05
66.38
65.71
65.04
64.37
63.7
63.03
62.36
61.69
61.02
60.35
59.68
59.01
58.34
57.67
57.0
56.33
55.66
54.99
54.32
53.65
52.98
52.31
51.64
50.97
50.3
49.63
48.96
48.29
47.62
46.95
46.28
45.61
44.94
44.27
43.6
42.93
42.26
41.59
40.92
40.25
39.58
38.91
38.24
37.57
36.9
36.23
35.56
34.89
34.22
33.55
32.88
32.21
31.54
30.87
30.2
29.53
28.86
28.19
27.52
26.85
26.18
25.51
24.84
24.17
23.5
22.83
22.16
21.49
20.82
19.54
17.45
14.76
12.77
11.39
9.52
7.74
6.87
6.41
5.95
5.49
5.03
4.57
4.11
3.65
2.79
1.62
-0.26
n=7
99.35
97.55
94.75
91.14
88.53
86.96
85.08
83.8
83.13
82.46
81.79
81.12
80.45
79.78
79.11
78.44
77.77
77.1
76.43
75.76
75.09
74.42
73.75
73.08
72.41
71.74
71.07
70.4
69.73
69.06
68.39
67.72
67.05
66.38
65.71
65.04
64.37
63.7
63.03
62.36
61.69
61.02
60.35
59.68
59.01
58.34
57.67
57.0
56.33
55.66
54.99
54.32
53.65
52.98
52.31
51.64
50.97
50.3
49.63
48.96
48.29
47.62
46.95
46.28
45.61
44.94
44.27
43.6
42.93
42.26
41.59
40.92
40.25
39.58
38.91
38.24
37.57
36.9
36.23
35.56
34.89
34.22
33.55
32.88
32.21
31.54
30.87
30.2
29.53
28.86
28.19
27.52
26.85
26.18
25.51
24.84
24.17
23.5
22.83
22.16
21.49
20.42
19.04
17.26
15.07
13.08
11.71
10.44
8.97
8.11
7.65
7.19
6.73
6.27
5.81
5.35
4.89
4.03
2.86
0.98
-1.31
n=10
99.35
97.55
94.75
91.14
88.53
86.96
85.08
83.8
83.13
82.46
81.79
81.12
80.45
79.78
79.11
78.44
77.77
77.1
76.43
75.76
75.09
74.42
73.75
73.08
72.41
71.74
71.07
70.4
69.73
69.06
68.39
67.72
67.05
66.38
65.71
65.04
64.37
63.7
63.03
62.36
61.69
61.02
60.35
59.68
59.01
58.34
57.67
57.0
56.33
55.66
54.99
54.32
53.65
52.98
52.31
51.64
50.97
50.3
49.63
48.96
48.29
47.62
46.95
46.28
45.61
44.94
44.27
43.6
42.93
42.26
41.59
40.92
40.25
39.58
38.91
38.24
37.57
36.9
36.23
35.56
34.89
34.22
33.55
32.88
32.21
31.54
30.87
30.2
29.53
28.86
28.19
27.52
26.85
26.18
25.51
24.84
24.17
23.5
22.83
22.16
21.49
20.42
19.04
16.95
14.24
11.84
9.96
7.58
5.6
4.53
3.87
3.21
2.55
1.89
1.23
0.57
-0.09
n=13
99.35
97.55
94.13
90.0
87.49
85.71
83.33
81.86
80.99
80.12
79.25
78.38
77.51
76.64
75.77
74.9
74.03
73.16
72.29
71.42
70.55
69.68
68.81
67.94
67.07
66.2
65.33
64.46
63.59
62.72
61.85
60.98
60.11
59.24
58.37
57.5
56.63
55.76
54.89
54.02
53.15
52.28
51.41
50.54
49.67
48.8
47.93
47.06
46.19
45.32
44.45
43.58
42.71
41.84
40.97
40.1
39.23
38.36
37.49
36.62
35.75
34.88
34.01
33.14
32.27
31.4
30.53
29.66
28.79
27.92
27.05
26.18
25.31
24.44
23.57
22.7
21.83
20.96
20.09
19.22
18.35
17.48
16.61
15.74
14.87
14.0
13.13
12.26
11.39
10.52
9.65
8.78
7.91
7.04
6.17
5.3
4.43
3.56
2.69
1.82
0.95
-0.12
