n=1
99.35
96.71
92.27
86.22
81.97
79.19
74.8
71.01
67.83
64.45
61.27
58.29
55.31
52.33
49.35
46.37
43.39
40.41
37.43
34.45
31.47
28.49
25.51
22.53
20.77
19.01
17.25
15.49
13.73
11.97
10.21
8.45
6.69
4.92
2.44
-0.44
n=2
99.35
96.71
90.72
83.22
79.07
74.84
69.01
63.78
59.16
54.34
49.72
45.3
40.88
36.46
32.04
27.62
23.2
18.78
14.36
9.94
5.52
1.1
-3.32
n=3
99.35
96.71
92.27
86.22
81.97
79.19
74.8
71.01
67.83
64.45
61.27
58.29
55.31
52.33
49.35
46.37
43.39
40.41
37.43
34.45
31.47
28.49
25.51
22.53
20.77
19.01
17.25
15.49
13.73
11.97
10.21
8.45
6.69
4.92
2.75
0.18
-2.19
n=4
99.35
96.71
91.96
85.6
81.35
78.26
73.56
69.77
66.28
62.59
59.41
56.43
53.45
50.47
47.49
44.51
41.53
38.55
35.57
32.59
29.61
26.63
23.65
20.67
18.91
17.15
15.39
13.63
11.87
10.11
8.35
6.59
4.83
3.06
0.58
-2.3
n=5
99.35
96.71
92.27
86.22
81.97
79.19
75.1
71.61
68.74
65.67
62.8
60.13
57.46
54.79
52.12
49.45
46.78
44.11
41.44
38.77
36.1
33.43
30.76
28.09
26.63
25.17
23.71
22.25
20.79
19.33
17.87
16.41
14.55
12.58
10.21
7.33
4.95
3.38
1.81
0.04
-1.73
n=6
99.35
96.71
92.27
86.22
81.97
79.19
75.1
71.61
68.74
65.67
62.8
60.13
57.46
54.79
52.12
49.45
46.78
44.11
41.44
38.77
36.1
33.43
30.76
28.09
26.63
25.17
23.71
22.25
20.79
19.33
17.87
16.41
14.55
12.58
10.21
7.63
5.25
3.68
1.79
-0.3
n=7
99.35
96.71
92.27
86.22
81.97
79.19
74.8
71.01
67.83
64.45
61.27
58.29
55.31
52.33
49.35
46.37
43.39
40.41
37.43
34.45
31.47
28.49
25.51
22.53
20.77
19.01
17.25
15.49
13.73
11.97
10.21
8.45
6.69
4.92
2.75
0.18
-2.19
n=8
99.35
96.71
92.27
86.12
81.67
78.69
74.3
70.51
67.34
64.26
61.38
58.71
56.04
53.37
50.7
48.03
45.36
42.69
40.02
37.35
34.68
32.01
29.34
26.67
25.21
23.75
22.29
20.83
19.37
17.91
16.45
14.99
13.53
12.06
10.19
7.92
5.45
3.37
1.29
-1.0
n=9
99.35
96.71
91.34
84.46
80.01
76.41
71.2
67.21
63.83
60.25
56.87
53.69
50.51
47.33
44.15
40.97
37.79
34.61
31.43
28.25
25.07
21.89
18.71
15.53
13.57
11.61
9.65
7.69
5.73
3.77
1.81
-0.15
