n=1
99.65
99.4
97.8
93.95
91.04
89.54
88.29
87.66
87.03
86.4
85.77
85.14
84.51
83.88
83.25
82.62
81.99
81.36
80.73
80.1
79.47
78.84
78.21
77.58
76.95
76.32
75.69
75.06
74.43
73.8
73.17
72.54
71.91
71.28
70.65
70.02
69.39
68.76
68.13
67.5
66.87
66.24
65.61
64.98
64.35
63.72
63.09
62.46
61.83
61.2
60.57
59.94
59.31
58.68
58.05
57.42
56.79
56.16
55.53
54.9
54.27
53.64
53.01
52.38
51.75
51.12
50.49
49.86
49.23
48.6
47.97
47.34
46.71
46.08
45.36
44.7
43.74
41.34
37.56
35.64
34.14
32.89
31.64
30.39
29.14
27.89
26.64
25.39
24.14
22.89
21.64
20.39
19.14
17.89
16.64
15.6
14.56
12.61
10.97
9.93
8.89
7.64
6.81
5.98
4.44
3.32
1.53
0.26
-1.02
n=2
99.65
99.1
97.3
90.97
87.76
85.86
83.96
82.68
81.4
80.12
78.84
77.56
76.28
75.0
73.72
72.44
71.16
69.88
68.6
67.32
66.04
64.76
63.48
62.2
60.92
59.64
58.36
57.08
55.8
54.52
53.24
51.96
50.68
49.4
48.12
46.84
45.56
44.28
43.0
41.72
40.44
39.16
37.88
36.6
35.32
34.04
32.76
31.48
30.2
28.92
27.64
26.36
25.08
23.8
22.52
21.24
19.96
18.68
17.4
16.12
14.84
13.56
12.28
11.0
9.72
8.44
7.16
5.88
4.6
3.32
2.04
0.76
-0.52
n=3
99.65
99.4
97.8
93.95
91.04
89.54
88.29
87.66
87.03
86.4
85.77
85.14
84.51
83.88
83.25
82.62
81.99
81.36
80.73
80.1
79.47
78.84
78.21
77.58
76.95
76.32
75.69
75.06
74.43
73.8
73.17
72.54
71.91
71.28
70.65
70.02
69.39
68.76
68.13
67.5
66.87
66.24
65.61
64.98
64.35
63.72
63.09
62.46
61.83
61.2
60.57
59.94
59.31
58.68
58.05
57.42
56.79
56.16
55.53
54.9
54.27
53.64
53.01
52.38
51.75
51.12
50.49
49.86
49.23
48.6
47.97
47.34
46.71
46.08
45.46
44.95
43.99
42.34
39.48
37.87
36.82
35.77
34.72
33.67
32.62
31.57
30.52
29.47
28.42
27.37
26.32
25.27
24.22
23.17
22.12
21.18
20.09
18.4
16.71
15.62
14.23
12.73
11.55
10.47
8.68
7.31
6.03
4.96
3.88
2.7
1.83
1.17
-0.0
n=4
99.65
99.1
97.3
93.45
90.34
88.64
87.39
86.76
86.13
85.5
84.87
84.24
83.61
82.98
82.35
81.72
81.09
80.46
79.83
79.2
78.57
77.94
77.31
76.68
76.05
75.42
74.79
74.16
73.53
72.9
72.27
71.64
71.01
70.38
69.75
69.12
68.49
67.86
67.23
66.6
65.97
65.34
64.71
64.08
63.45
62.82
62.19
61.56
60.93
60.3
59.67
59.04
58.41
57.78
57.15
56.52
55.89
55.26
54.63
54.0
53.37
52.74
52.11
51.48
50.85
50.22
49.59
48.96
48.33
47.7
47.07
46.44
45.81
45.18
44.46
43.8
42.84
40.44
37.28
35.26
33.56
31.86
30.16
28.46
26.76
25.06
23.36
21.66
19.96
18.26
16.56
14.86
13.16
11.46
9.76
8.27
6.78
4.69
2.6
1.11
-0.38
n=5
99.65
99.4
97.8
93.95
91.04
89.54
88.29
87.66
87.03
86.4
85.77
85.14
84.51
83.88
83.25
82.62
81.99
81.36
80.73
80.1
79.47
78.84
78.21
77.58
76.95
76.32
75.69
75.06
74.43
73.8
73.17
72.54
71.91
71.28
70.65
70.02
69.39
68.76
68.13
67.5
66.87
66.24
65.61
64.98
64.35
63.72
63.09
62.46
61.83
61.2
60.57
59.94
59.31
58.68
58.05
57.42
56.79
56.16
55.53
54.9
54.27
53.64
53.01
52.38
51.75
51.12
50.49
49.86
49.23
48.6
47.97
47.34
46.71
46.08
45.36
44.4
43.99
42.33
39.48
37.87
36.82
35.77
34.72
33.67
32.62
31.57
30.52
29.47
28.42
27.37
26.32
25.27
24.22
23.17
22.12
21.18
19.79
18.35
16.9
16.06
15.22
14.17
13.44
12.26
11.23
10.4
9.57
8.95
8.32
7.69
7.27
7.06
6.65
5.62
4.5
3.65
2.68
1.66
0.83
0.73
0.48
0.23
-0.53
n=6
99.65
99.4
97.8
93.95
91.04
89.54
88.29
87.66
87.03
86.4
85.77
85.14
84.51
83.88
83.25
82.62
81.99
81.36
80.73
80.1
79.47
78.84
78.21
77.58
76.95
76.32
75.69
75.06
74.43
73.8
73.17
72.54
71.91
71.28
70.65
70.02
69.39
68.76
68.13
67.5
66.87
66.24
65.61
64.98
64.35
63.72
63.09
62.46
61.83
61.2
60.57
59.94
59.31
58.68
58.05
57.42
56.79
56.16
55.53
54.9
54.27
53.64
53.01
52.38
51.75
51.12
50.49
49.86
49.23
48.6
47.97
47.34
46.71
46.08
45.46
44.95
44.29
42.09
39.24
37.52
36.22
35.17
34.12
33.07
32.02
30.97
29.92
28.87
27.82
26.77
25.72
24.67
23.62
22.57
21.52
20.68
19.84
18.4
16.96
16.12
15.28
14.23
13.6
12.97
11.94
11.12
10.29
9.67
9.04
8.41
7.89
7.43
6.77
5.19
4.17
3.46
2.79
1.77
0.95
0.85
0.6
0.05
-0.61
n=7
99.65
99.1
97.3
93.45
90.34
88.33
86.88
86.05
85.22
84.39
83.56
82.73
81.9
81.07
80.24
79.41
78.58
77.75
76.92
76.09
75.26
74.43
73.6
72.77
71.94
71.11
70.28
69.45
68.62
67.79
66.96
66.13
65.3
64.47
63.64
62.81
61.98
61.15
60.32
59.49
58.66
57.83
57.0
56.17
55.34
54.51
53.68
52.85
52.02
51.19
50.36
49.53
48.7
47.87
47.04
46.21
45.38
44.55
43.72
42.89
42.06
41.23
40.4
39.57
38.74
37.91
37.08
36.25
35.42
34.59
33.76
32.93
32.1
31.27
30.14
29.43
28.26
25.54
22.14
20.08
18.58
17.08
15.48
13.98
12.38
10.88
9.28
7.78
6.18
4.68
3.18
1.58
0.08
-1.42
n=8
99.65
99.4
97.8
93.95
91.04
89.54
88.29
87.66
87.03
86.4
85.77
85.14
84.51
83.88
83.25
82.62
81.99
81.36
80.73
80.1
79.47
78.84
78.21
77.58
76.95
76.32
75.69
75.06
74.43
73.8
73.17
72.54
71.91
71.28
70.65
70.02
69.39
68.76
68.13
67.5
66.87
66.24
65.61
64.98
64.35
63.72
63.09
62.46
61.83
61.2
60.57
59.94
59.31
58.68
58.05
57.42
56.79
56.16
55.53
54.9
54.27
53.64
53.01
52.38
51.75
51.12
50.49
49.86
49.23
48.6
47.97
47.34
46.71
46.08
45.46
44.95
44.29
42.09
39.24
37.52
36.22
35.17
34.12
33.07
32.02
30.97
29.92
28.87
27.82
26.77
25.72
24.67
23.62
22.57
21.52
20.68
19.84
18.4
16.96
16.12
15.28
14.23
13.6
12.97
11.94
11.12
10.29
9.67
9.04
8.41
7.89
7.43
6.47
4.69
3.05
2.04
0.97
-0.7
n=9
99.65
99.4
97.8
93.95
91.04
89.54
88.29
87.66
87.03
86.4
85.77
85.14
84.51
83.88
83.25
82.62
81.99
81.36
80.73
80.1
79.47
78.84
78.21
77.58
76.95
76.32
75.69
75.06
74.43
73.8
73.17
72.54
71.91
71.28
70.65
70.02
69.39
68.76
68.13
67.5
66.87
66.24
65.61
64.98
64.35
63.72
63.09
62.46
61.83
61.2
60.57
59.94
59.31
58.68
58.05
57.42
56.79
56.16
55.53
54.9
54.27
53.64
53.01
52.38
51.75
51.12
50.49
49.86
49.23
48.6
47.97
47.34
46.71
46.08
45.36
44.7
44.04
41.84
38.99
37.27
35.97
34.92
33.87
32.82
31.77
30.72
29.67
28.62
27.57
26.52
25.47
24.42
23.37
22.32
21.27
20.43
19.59
18.15
16.71
15.87
15.03
13.98
13.35
12.72
11.69
10.87
10.04
9.42
8.79
8.16
7.64
7.18
6.22
4.44
3.11
2.1
1.03
-1.26
n=10
99.65
99.4
97.8
93.95
91.04
89.54
88.29
87.66
87.03
86.4
85.77
85.14
84.51
83.88
83.25
82.62
81.99
81.36
80.73
80.1
79.47
78.84
78.21
77.58
76.95
76.32
75.69
75.06
74.43
73.8
73.17
72.54
71.91
71.28
70.65
70.02
69.39
68.76
68.13
67.5
66.87
66.24
65.61
64.98
64.35
63.72
63.09
62.46
61.83
61.2
60.57
59.94
59.31
58.68
58.05
57.42
56.79
56.16
55.53
54.9
54.27
53.64
53.01
52.38
51.75
51.12
50.49
49.86
49.23
48.6
47.97
47.34
46.71
46.08
45.36
44.7
43.74
41.34
37.87
35.85
34.15
32.45
30.75
29.05
27.35
25.65
23.95
22.25
20.55
18.85
17.15
15.45
13.75
12.05
10.35
8.86
7.37
4.97
2.88
1.39
-0.1
n=11
99.65
99.4
97.8
93.95
91.04
89.54
88.29
87.66
87.03
86.4
85.77
85.14
84.51
83.88
83.25
82.62
81.99
81.36
80.73
80.1
79.47
78.84
78.21
77.58
76.95
76.32
75.69
75.06
74.43
73.8
73.17
72.54
71.91
71.28
70.65
70.02
69.39
68.76
68.13
67.5
66.87
66.24
65.61
64.98
64.35
63.72
63.09
62.46
61.83
61.2
60.57
59.94
59.31
58.68
58.05
57.42
56.79
56.16
55.53
54.9
54.27
53.64
53.01
52.38
51.75
51.12
50.49
49.86
49.23
48.6
47.97
47.34
46.71
46.08
45.36
44.7
43.74
41.34
38.18
36.26
34.76
33.51
32.26
31.01
29.76
28.51
27.26
26.01
24.76
23.51
22.26
21.01
19.76
18.51
17.26
16.22
15.18
13.23
11.59
10.55
9.51
8.26
7.33
5.95
4.92
3.34
2.51
1.48
0.2
-0.88
n=12
99.65
99.1
97.3
91.59
88.38
86.48
84.58
83.3
82.02
80.74
79.46
78.18
76.9
75.62
74.34
73.06
71.78
70.5
69.22
67.94
66.66
65.38
64.1
62.82
61.54
60.26
58.98
57.7
56.42
55.14
53.86
52.58
51.3
50.02
48.74
47.46
46.18
44.9
43.62
42.34
41.06
39.78
38.5
37.22
35.94
34.66
33.38
32.1
30.82
29.54
28.26
26.98
25.7
24.42
23.14
21.86
20.58
19.3
18.02
16.74
15.46
14.18
12.9
11.62
10.34
9.06
7.78
6.5
5.22
3.94
2.66
1.38
0.1
-1.28
n=13
99.65
99.1
97.3
93.45
90.34
88.64
87.39
86.76
86.13
85.5
84.87
84.24
83.61
82.98
82.35
81.72
81.09
80.46
79.83
79.2
78.57
77.94
77.31
76.68
76.05
75.42
74.79
74.16
73.53
72.9
72.27
71.64
71.01
70.38
69.75
69.12
68.49
67.86
67.23
66.6
65.97
65.34
64.71
64.08
63.45
62.82
62.19
61.56
60.93
60.3
59.67
59.04
58.41
57.78
57.15
56.52
55.89
55.26
54.63
54.0
53.37
52.74
52.11
51.48
50.85
50.22
49.59
48.96
48.33
47.7
47.07
46.44
45.81
45.18
44.56
44.05
43.09
41.44
38.58
36.97
35.92
34.87
33.82
32.77
31.72
30.67
29.62
28.57
27.52
26.47
25.42
24.37
23.32
22.27
21.22
20.28
18.89
17.45
16.0
15.16
14.32
13.27
12.64
12.01
10.98
10.06
8.98
8.26
7.38
6.75
6.33
6.02
5.06
4.03
3.01
2.41
1.69
0.67
-0.15
n=14
99.65
99.4
97.8
93.95
90.84
89.59
88.33
87.7
87.07
86.44
85.81
85.18
84.55
83.92
83.29
82.66
82.03
81.4
80.77
80.14
79.51
78.88
78.25
77.62
76.99
76.36
75.73
75.1
74.47
73.84
73.21
72.58
71.95
71.32
70.69
70.06
69.43
68.8
68.17
67.54
66.91
66.28
65.65
65.02
64.39
63.76
63.13
62.5
61.87
61.24
60.61
59.98
59.35
58.72
58.09
57.46
56.83
56.2
55.57
54.94
54.31
53.68
53.05
52.42
51.79
51.16
50.53
49.9
49.27
48.64
48.01
47.38
46.75
46.12
45.5
45.09
44.68
43.03
40.18
38.57
37.52
36.47
35.42
34.37
33.32
32.27
31.22
30.17
29.12
28.07
27.02
25.97
24.92
23.87
22.82
21.88
20.49
19.05
17.6
16.76
15.92
14.87
14.24
13.61
12.58
11.76
10.93
10.31
9.68
9.05
8.53
7.77
7.36
6.32
5.2
4.35
3.38
2.36
1.53
1.43
1.18
0.93
0.17
-0.45
