n=1
99.35
95.66
88.49
78.81
72.86
69.2
62.83
58.08
56.04
55.0
53.96
52.92
51.88
50.84
49.8
48.76
47.72
46.68
45.64
44.6
43.56
42.52
41.48
40.44
39.4
38.36
37.32
36.28
35.24
34.2
33.16
32.12
31.08
30.04
29.0
27.96
26.92
25.88
24.84
23.8
22.76
21.72
20.68
19.64
18.6
17.56
16.52
15.48
14.44
13.4
12.36
11.32
10.28
9.24
8.2
7.16
6.12
5.08
4.04
3.0
1.96
0.92
-0.12
n=2
99.35
95.66
89.42
80.57
74.27
71.13
65.88
61.63
59.79
58.95
58.11
57.27
56.43
55.59
54.75
53.91
53.07
52.23
51.39
50.55
49.71
48.87
48.03
47.19
46.35
45.51
44.67
43.83
42.99
42.15
41.31
40.47
39.63
38.79
37.95
37.11
36.27
35.43
34.59
33.75
32.91
32.07
31.23
30.39
29.55
28.71
27.87
27.03
26.19
25.35
24.51
23.67
22.83
21.99
21.15
20.31
19.47
18.63
17.79
16.95
16.11
15.27
14.43
13.59
12.52
10.72
5.93
-0.57
n=3
99.35
95.66
89.11
79.95
73.65
70.51
65.26
61.01
59.17
58.33
57.49
56.65
55.81
54.97
54.13
53.29
52.45
51.61
50.77
49.93
49.09
48.25
47.41
46.57
45.73
44.89
44.05
43.21
42.37
41.53
40.69
39.85
39.01
38.17
37.33
36.49
35.65
34.81
33.97
33.13
32.29
31.45
30.61
29.77
28.93
28.09
27.25
26.41
25.57
24.73
23.89
23.05
22.21
21.37
20.53
19.69
18.85
18.01
17.17
16.33
15.49
14.65
13.81
12.97
12.55
10.85
7.5
2.44
-0.62
n=4
99.35
95.66
89.42
80.57
74.27
71.13
65.88
61.63
59.79
58.95
58.11
57.27
56.43
55.59
54.75
53.91
53.07
52.23
51.39
50.55
49.71
48.87
48.03
47.19
46.35
45.51
44.67
43.83
42.99
42.15
41.31
40.47
39.63
38.79
37.95
37.11
36.27
35.43
34.59
33.75
32.91
32.07
31.23
30.39
29.55
28.71
27.87
27.03
26.19
25.35
24.51
23.67
22.83
21.99
21.15
20.31
19.47
18.63
17.79
16.95
16.11
15.27
14.43
13.59
12.52
10.72
6.86
1.19
-2.42
n=5
99.35
95.66
88.8
79.43
73.48
69.17
62.81
58.36
56.31
55.27
54.23
53.19
52.15
51.11
50.07
49.03
47.99
46.95
45.91
44.87
43.83
42.79
41.75
40.71
39.67
38.63
37.59
36.55
35.51
34.47
33.43
32.39
31.35
30.31
29.27
28.23
27.19
26.15
25.11
24.07
23.03
21.99
20.95
19.91
18.87
17.83
16.79
15.75
14.71
13.67
12.63
11.59
10.55
9.51
8.47
7.43
6.39
5.35
4.31
3.27
2.23
1.19
0.15
-0.89
n=6
99.35
95.66
89.11
79.95
73.65
70.2
63.99
59.74
57.89
57.05
56.21
55.37
54.53
53.69
52.85
52.01
51.17
50.33
49.49
48.65
47.81
46.97
46.13
45.29
44.45
43.61
42.77
41.93
41.09
40.25
39.41
38.57
37.73
36.89
36.05
35.21
34.37
33.53
32.69
31.85
31.01
30.17
29.33
28.49
27.65
26.81
25.97
25.13
24.29
23.45
22.61
21.77
20.93
20.09
19.25
18.41
17.57
16.73
15.89
15.05
14.21
13.37
12.53
11.69
10.62
8.82
4.65
-1.23
n=7
99.35
95.66
89.11
79.95
73.65
70.51
65.26
61.01
59.17
58.33
57.49
56.65
55.81
54.97
54.13
53.29
52.45
51.61
50.77
49.93
49.09
48.25
47.41
46.57
45.73
44.89
44.05
43.21
42.37
41.53
40.69
39.85
39.01
38.17
37.33
36.49
35.65
34.81
33.97
33.13
32.29
31.45
30.61
29.77
28.93
28.09
27.25
26.41
25.57
24.73
23.89
23.05
22.21
21.37
20.53
19.69
18.85
18.01
17.17
16.33
15.49
14.65
13.81
12.97
11.9
10.1
6.55
1.19
-2.42
n=8
99.35
95.66
89.11
79.95
73.65
70.2
64.64
60.39
58.55
57.71
56.87
56.03
55.19
54.35
53.51
52.67
51.83
50.99
50.15
49.31
48.47
47.63
46.79
45.95
45.11
44.27
43.43
42.59
41.75
40.91
40.07
39.23
38.39
37.55
36.71
35.87
35.03
34.19
33.35
32.51
31.67
30.83
29.99
29.15
28.31
27.47
26.63
25.79
24.95
24.11
23.27
22.43
21.59
20.75
19.91
19.07
18.23
17.39
16.55
15.71
14.87
14.03
13.19
12.35
11.28
9.48
5.0
-1.19
n=9
99.35
95.66
89.42
80.57
74.27
71.13
65.88
61.63
59.79
58.95
58.11
57.27
56.43
55.59
54.75
53.91
53.07
52.23
51.39
50.55
49.71
48.87
48.03
47.19
46.35
45.51
44.67
43.83
42.99
42.15
41.31
40.47
39.63
38.79
37.95
37.11
36.27
35.43
34.59
33.75
32.91
32.07
31.23
30.39
29.55
28.71
27.87
27.03
26.19
25.35
24.51
23.67
22.83
21.99
21.15
20.31
19.47
18.63
17.79
16.95
16.11
15.27
14.43
13.59
13.17
11.47
8.12
3.06
-0.0
n=10
99.35
95.66
89.42
80.57
74.27
71.13
65.23
60.98
59.13
58.29
57.45
56.61
55.77
54.93
54.09
53.25
52.41
51.57
50.73
49.89
49.05
48.21
47.37
46.53
45.69
44.85
44.01
43.17
42.33
41.49
40.65
39.81
38.97
38.13
37.29
36.45
35.61
34.77
33.93
33.09
32.25
31.41
30.57
29.73
28.89
28.05
27.21
26.37
25.53
24.69
23.85
23.01
22.17
21.33
20.49
19.65
18.81
17.97
17.13
16.29
15.45
14.61
13.77
12.93
12.51
10.81
7.46
2.4
-0.66
n=11
99.35
95.66
89.42
80.57
74.27
71.13
65.88
61.63
59.79
58.95
58.11
57.27
56.43
55.59
54.75
53.91
53.07
52.23
51.39
50.55
49.71
48.87
48.03
47.19
46.35
45.51
44.67
43.83
42.99
42.15
41.31
40.47
39.63
38.79
37.95
37.11
36.27
35.43
34.59
33.75
32.91
32.07
31.23
30.39
29.55
28.71
27.87
27.03
26.19
25.35
24.51
23.67
22.83
21.99
21.15
20.31
19.47
18.63
17.79
16.95
16.11
15.27
14.43
13.59
13.17
11.47
8.12
3.06
-0.0
n=12
99.35
95.66
89.11
79.95
73.65
70.2
63.99
59.74
57.89
57.05
56.21
55.37
54.53
53.69
52.85
52.01
51.17
50.33
49.49
48.65
47.81
46.97
46.13
45.29
44.45
43.61
42.77
41.93
41.09
40.25
39.41
38.57
37.73
36.89
36.05
35.21
34.37
33.53
32.69
31.85
31.01
30.17
29.33
28.49
27.65
26.81
25.97
25.13
24.29
23.45
22.61
21.77
20.93
20.09
19.25
18.41
17.57
16.73
15.89
15.05
14.21
13.37
12.53
11.69
11.27
9.57
6.22
1.16
-1.9
n=13
99.35
95.66
88.8
79.43
73.48
70.13
64.07
58.7
56.66
55.62
54.58
53.54
52.5
51.46
50.42
49.38
48.34
47.3
46.26
45.22
44.18
43.14
42.1
41.06
40.02
38.98
37.94
36.9
35.86
34.82
33.78
32.74
31.7
30.66
29.62
28.58
27.54
26.5
25.46
24.42
23.38
22.34
21.3
20.26
19.22
18.18
17.14
16.1
15.06
14.02
12.98
11.94
10.9
9.86
8.82
7.78
6.74
5.7
4.66
3.62
2.58
1.54
0.5
-0.54
n=14
99.35
95.66
88.8
79.43
73.48
69.17
62.81
58.05
56.0
54.96
53.92
52.88
51.84
50.8
49.76
48.72
47.68
46.64
45.6
44.56
43.52
42.48
41.44
40.4
39.36
38.32
37.28
36.24
35.2
34.16
33.12
32.08
31.04
30.0
28.96
27.92
26.88
25.84
24.8
23.76
22.72
21.68
20.64
19.6
18.56
17.52
16.48
15.44
14.4
13.36
12.32
11.28
10.24
9.2
8.16
7.12
6.08
5.04
4.0
2.96
1.92
0.88
-0.16
