n=1
99.65
99.4
98.64
97.63
96.61
96.4
96.19
95.98
95.77
95.56
95.35
95.14
94.93
94.72
94.51
94.41
93.65
92.64
91.62
91.41
91.2
90.99
90.78
90.57
90.36
90.15
89.94
89.73
89.52
89.31
89.1
88.89
88.68
88.58
87.82
86.81
85.79
85.58
85.37
85.16
84.95
84.74
84.64
83.88
82.87
81.85
81.64
81.43
81.22
81.01
80.8
80.59
80.38
80.17
79.96
79.75
79.54
79.33
79.12
78.91
78.7
78.49
78.28
78.18
77.42
76.41
75.39
75.18
74.97
74.76
74.55
74.34
74.13
73.92
73.71
73.5
73.29
73.19
72.43
71.42
70.4
70.19
69.98
69.77
69.56
69.35
69.25
68.49
67.48
66.46
66.25
66.04
65.83
65.73
64.97
63.96
62.94
62.73
62.52
62.31
62.1
61.89
61.68
61.47
61.26
61.16
60.4
59.39
58.37
58.16
57.95
57.74
57.53
57.32
57.22
56.97
56.72
55.96
55.15
54.33
54.12
53.91
53.7
53.49
53.28
53.07
52.86
52.65
52.55
51.79
50.98
50.16
49.95
49.74
49.53
49.32
49.11
48.9
48.69
48.48
48.27
48.17
47.41
46.6
45.78
45.57
45.36
45.15
44.94
44.73
44.52
44.31
44.1
43.89
43.68
43.47
43.26
43.05
42.95
42.19
41.38
40.56
40.35
40.14
39.93
39.72
39.62
38.86
38.05
37.23
37.02
36.81
36.6
36.39
36.18
35.97
35.76
35.55
35.34
35.13
34.92
34.71
34.5
34.29
34.08
33.87
33.66
33.56
33.31
32.76
32.1
30.42
29.26
28.6
27.94
27.28
26.82
26.27
25.61
23.93
22.87
22.11
21.45
20.69
20.03
19.27
18.61
17.95
17.29
16.83
16.28
15.62
13.94
12.78
12.12
11.46
10.7
10.04
9.38
8.72
7.96
7.3
6.64
5.88
5.22
4.46
3.8
3.14
2.38
1.72
0.96
0.3
-0.36
n=4
99.65
99.4
98.64
97.63
96.61
96.4
96.19
95.98
95.77
95.56
95.35
95.14
94.93
94.72
94.51
94.41
93.65
92.64
91.62
91.41
91.2
90.99
90.78
90.57
90.36
90.15
89.94
89.73
89.52
89.31
89.1
88.89
88.68
88.58
87.82
86.81
85.79
85.58
85.37
85.16
84.95
84.74
84.64
83.88
82.87
81.85
81.64
81.43
81.22
81.01
80.8
80.59
80.38
80.17
79.96
79.75
79.54
79.33
79.12
78.91
78.7
78.49
78.28
78.18
77.42
76.41
75.39
75.18
74.97
74.76
74.55
74.34
74.13
73.92
73.71
73.5
73.29
73.19
72.43
71.42
70.4
70.19
69.98
69.77
69.56
69.35
69.25
68.49
67.48
66.46
66.25
66.04
65.83
65.73
64.97
63.96
62.94
62.73
62.52
62.31
62.1
61.89
61.68
61.47
61.26
61.16
60.4
59.39
58.37
58.16
57.95
57.74
57.53
57.32
57.22
56.97
56.72
55.96
55.15
54.33
54.12
53.91
53.7
53.49
53.28
53.07
52.86
52.65
52.55
51.79
50.98
50.16
49.95
49.74
49.53
49.32
49.11
48.9
48.69
48.48
48.27
48.17
47.41
46.6
45.78
45.57
45.36
45.15
44.94
44.73
44.52
44.31
44.1
43.89
43.68
43.47
43.26
43.05
42.95
42.19
41.38
40.56
40.35
40.14
39.93
39.72
39.62
38.86
38.05
37.23
37.02
36.81
36.6
36.39
36.18
35.97
35.76
35.55
35.34
35.13
34.92
34.71
34.5
34.29
34.08
33.87
33.66
33.56
33.31
33.06
32.3
31.69
31.07
30.86
30.65
30.44
30.23
30.13
29.37
28.76
28.14
27.93
27.72
27.51
27.3
27.09
26.88
26.67
26.46
26.25
26.15
25.39
24.78
24.16
23.95
23.74
23.53
23.32
23.11
22.9
22.69
22.48
22.27
22.06
21.85
21.64
21.43
21.22
21.01
20.8
20.59
20.38
20.17
19.96
19.86
19.61
19.36
18.81
17.64
16.51
15.7
14.63
13.56
12.49
11.42
10.35
9.28
8.21
7.14
6.07
5.0
3.93
2.86
1.79
0.72
-0.35
n=7
99.65
99.1
98.44
95.74
94.18
93.52
92.86
92.1
91.44
90.78
90.02
89.36
88.7
88.04
87.58
87.03
86.37
83.67
82.21
81.45
80.79
80.13
79.47
78.71
78.05
77.39
76.63
75.97
75.21
74.55
73.89
73.23
72.77
72.22
71.56
68.76
67.3
66.54
65.88
65.22
64.56
64.1
63.55
62.89
60.09
58.63
57.87
57.21
56.45
55.79
55.13
54.37
53.71
53.05
52.29
51.63
50.97
50.31
49.55
48.89
48.23
47.57
47.11
46.56
45.9
43.2
41.64
40.98
40.32
39.66
38.9
38.24
37.48
36.82
36.16
35.5
35.04
34.49
33.83
31.13
29.67
28.91
28.25
27.59
26.93
26.47
25.92
25.26
22.46
21.0
20.34
19.68
19.22
18.67
18.01
15.31
13.85
13.09
12.43
11.77
11.01
10.35
9.69
9.03
8.57
8.02
7.36
4.66
3.2
2.44
1.78
1.12
0.46
-0.0
n=10
99.65
99.4
98.64
97.63
96.61
96.4
96.19
95.98
95.77
95.56
95.35
95.14
94.93
94.72
94.51
94.41
93.65
92.64
91.62
91.41
91.2
90.99
90.78
90.57
90.36
90.15
89.94
89.73
89.52
89.31
89.1
88.89
88.68
88.58
87.82
86.81
85.79
85.58
85.37
85.16
84.95
84.74
84.64
83.88
82.87
81.85
81.64
81.43
81.22
81.01
80.8
80.59
80.38
80.17
79.96
79.75
79.54
79.33
79.12
78.91
78.7
78.49
78.28
78.18
77.42
76.41
75.39
75.18
74.97
74.76
74.55
74.34
74.13
73.92
73.71
73.5
73.29
73.19
72.43
71.42
70.4
70.19
69.98
69.77
69.56
69.35
69.25
68.49
67.48
66.46
66.25
66.04
65.83
65.73
64.97
63.96
62.94
62.73
62.52
62.31
62.1
61.89
61.68
61.47
61.26
61.16
60.4
59.39
58.37
58.16
57.95
57.74
57.53
57.32
57.22
56.97
56.42
55.76
53.57
52.21
51.55
50.89
50.23
49.47
48.81
48.15
47.49
47.03
46.48
45.82
43.63
42.37
41.61
40.95
40.29
39.63
38.87
38.21
37.55
36.89
36.43
35.88
35.22
32.93
31.67
31.01
30.35
29.59
28.93
28.27
27.61
26.85
26.19
25.43
24.77
24.11
23.45
22.99
22.44
21.78
19.59
18.23
17.57
16.91
16.25
15.79
15.24
14.58
12.39
11.13
10.37
9.71
9.05
8.29
7.63
6.87
6.21
5.55
4.89
4.13
3.47
2.71
2.05
1.39
0.73
-0.03
n=13
99.65
99.4
98.64
97.63
96.61
96.4
96.19
95.98
95.77
95.56
95.35
95.14
94.93
94.72
94.51
94.41
93.65
92.64
91.62
91.41
91.2
90.99
90.78
90.57
90.36
90.15
89.94
89.73
89.52
89.31
89.1
88.89
88.68
88.58
87.82
86.81
85.79
85.58
85.37
85.16
84.95
84.74
84.64
83.88
82.87
81.85
81.64
81.43
81.22
81.01
80.8
80.59
80.38
80.17
79.96
79.75
79.54
79.33
79.12
78.91
78.7
78.49
78.28
78.18
77.42
76.41
75.39
75.18
74.97
74.76
74.55
74.34
74.13
73.92
73.71
73.5
73.29
73.19
72.43
71.42
70.4
70.19
69.98
69.77
69.56
69.35
69.25
68.49
67.48
66.46
66.25
66.04
65.83
65.73
64.97
63.96
62.94
62.73
62.52
62.31
62.1
61.89
61.68
61.47
61.26
61.16
60.4
59.39
58.37
58.16
57.95
57.74
57.53
57.32
57.22
56.97
56.72
55.96
55.15
54.33
54.12
53.91
53.7
53.49
53.28
53.07
52.86
52.65
52.55
51.79
50.98
50.16
49.95
49.74
49.53
49.32
49.11
48.9
48.69
48.48
48.27
48.17
47.41
46.6
45.78
45.57
45.36
45.15
44.94
44.73
44.52
44.31
44.1
43.89
43.68
43.47
43.26
43.05
42.95
42.19
41.38
40.56
40.35
40.14
39.93
39.72
39.62
38.86
38.05
37.23
37.02
36.81
36.6
36.39
36.18
35.97
35.76
35.55
35.34
35.13
34.92
34.71
34.5
34.29
34.08
33.87
33.66
33.56
33.31
33.06
32.3
31.69
31.07
30.86
30.65
30.44
30.23
30.13
29.37
28.76
28.14
27.93
27.72
27.51
27.3
27.09
26.88
26.67
26.46
26.25
26.15
25.39
24.78
24.16
23.95
23.74
23.53
23.32
23.11
22.9
22.69
22.48
22.27
22.06
21.85
21.64
21.43
21.22
21.01
20.8
20.59
20.38
20.17
19.96
19.86
19.61
19.36
18.81
17.64
16.51
15.7
14.63
13.56
12.49
11.42
10.35
9.28
8.21
7.14
6.07
5.0
3.93
2.86
1.79
0.72
-0.35
