n=1
99.35
97.76
95.62
92.87
90.67
89.56
88.14
87.32
87.11
86.9
86.69
86.48
86.27
86.06
85.85
85.64
85.43
85.22
85.01
84.8
84.59
84.38
84.17
83.96
83.75
83.54
83.33
83.12
82.91
82.7
82.49
82.28
82.07
81.86
81.65
81.44
81.23
81.02
80.81
80.6
80.39
80.18
79.97
79.76
79.55
79.34
79.13
78.92
78.71
78.5
78.29
78.08
77.87
77.66
77.45
77.24
77.03
76.82
76.61
76.4
76.19
75.98
75.77
75.56
75.35
75.14
74.93
74.72
74.51
74.3
74.09
73.88
73.67
73.46
73.25
73.04
72.83
72.62
72.41
72.2
71.99
71.78
71.57
71.36
71.15
70.94
70.73
70.52
70.31
70.1
69.89
69.68
69.47
69.26
69.05
68.84
68.63
68.42
68.21
68.0
67.79
67.58
67.37
67.16
66.95
66.74
66.53
66.32
66.11
65.9
65.69
65.48
65.27
65.06
64.85
64.64
64.43
64.22
63.57
62.19
60.15
57.7
55.91
55.0
53.98
53.36
53.15
52.94
52.73
52.52
52.31
52.1
51.89
51.68
51.47
51.26
51.05
50.84
50.63
50.42
50.21
50.0
49.79
49.58
49.37
49.16
48.95
48.74
48.53
48.32
48.11
47.9
47.69
47.48
47.27
47.06
46.85
46.64
46.43
46.22
46.01
45.8
45.59
45.38
45.17
44.96
44.75
44.54
44.33
44.12
43.91
43.7
43.49
43.28
43.07
42.86
42.65
42.44
42.23
42.02
41.81
41.6
41.39
41.18
40.97
40.76
40.55
40.34
40.13
39.92
39.71
39.5
39.29
38.64
37.47
35.84
34.0
32.62
31.61
29.84
28.26
26.63
24.79
23.41
22.4
20.63
19.05
17.42
15.58
14.2
13.19
11.42
9.84
8.21
6.37
4.99
3.98
2.21
0.63
-1.0
n=2
99.35
97.76
95.62
92.87
90.67
89.56
88.14
87.32
87.11
86.9
86.69
86.48
86.27
86.06
85.85
85.64
85.43
85.22
85.01
84.8
84.59
84.38
84.17
83.96
83.75
83.54
83.33
83.12
82.91
82.7
82.49
82.28
82.07
81.86
81.65
81.44
81.23
81.02
80.81
80.6
80.39
80.18
79.97
79.76
79.55
79.34
79.13
78.92
78.71
78.5
78.29
78.08
77.87
77.66
77.45
77.24
77.03
76.82
76.61
76.4
76.19
75.98
75.77
75.56
75.35
75.14
74.93
74.72
74.51
74.3
74.09
73.88
73.67
73.46
73.25
73.04
72.83
72.62
72.41
72.2
71.99
71.78
71.57
71.36
71.15
70.94
70.73
70.52
70.31
70.1
69.89
69.68
69.47
69.26
69.05
68.84
68.63
68.42
68.21
68.0
67.79
67.58
67.37
67.16
66.95
66.74
66.53
66.32
66.11
65.9
65.69
65.48
65.27
65.06
64.85
64.64
64.43
64.22
63.57
62.19
60.46
58.32
56.53
55.62
54.6
53.98
53.77
53.56
53.35
53.14
52.93
52.72
52.51
52.3
52.09
51.88
51.67
51.46
51.25
51.04
50.83
50.62
50.41
50.2
49.99
49.78
49.57
49.36
49.15
48.94
48.73
48.52
48.31
48.1
47.89
47.68
47.47
47.26
47.05
46.84
46.63
46.42
46.21
46.0
45.79
45.58
45.37
45.16
44.95
44.74
44.53
44.32
44.11
43.9
43.69
43.48
43.27
43.06
42.85
42.64
42.43
42.22
42.01
41.8
41.59
41.38
41.17
40.96
40.75
40.54
40.33
40.12
39.91
39.26
38.09
36.46
34.62
33.24
32.23
30.46
28.88
27.25
25.41
24.03
23.02
21.25
19.67
18.04
16.2
14.82
13.81
12.04
10.46
8.83
6.99
5.61
4.6
2.83
1.25
-0.38
n=3
99.35
97.76
95.31
92.25
90.05
88.94
87.52
86.7
86.49
86.28
86.07
85.86
85.65
85.44
85.23
85.02
84.81
84.6
84.39
84.18
83.97
83.76
83.55
83.34
83.13
82.92
82.71
82.5
82.29
82.08
81.87
81.66
81.45
81.24
81.03
80.82
80.61
80.4
80.19
79.98
79.77
79.56
79.35
79.14
78.93
78.72
78.51
78.3
78.09
77.88
77.67
77.46
77.25
77.04
76.83
76.62
76.41
76.2
75.99
75.78
75.57
75.36
75.15
74.94
74.73
74.52
74.31
74.1
73.89
73.68
73.47
73.26
73.05
72.84
72.63
72.42
72.21
72.0
71.79
71.58
71.37
71.16
70.95
70.74
70.53
70.32
70.11
69.9
69.69
69.48
69.27
69.06
68.85
68.64
68.43
68.22
68.01
67.8
67.59
67.38
67.17
66.96
66.75
66.54
66.33
66.12
65.91
65.7
65.49
65.28
65.07
64.86
64.65
64.44
64.23
64.02
63.81
63.6
62.95
61.57
59.22
56.56
55.12
53.24
51.06
49.9
49.14
48.38
47.62
46.86
46.1
45.34
44.58
43.82
43.06
42.3
41.54
40.78
40.02
39.26
38.5
37.74
36.98
36.22
35.46
34.7
33.94
33.18
32.42
31.66
30.9
30.14
29.38
28.62
27.86
27.1
26.34
25.58
24.82
24.06
23.3
22.54
21.78
21.02
20.26
19.5
18.74
17.98
17.22
16.46
15.7
14.94
14.18
13.42
12.66
11.9
11.14
10.38
9.62
8.86
8.1
7.34
6.58
5.82
5.06
4.3
3.54
2.78
2.02
1.26
0.5
-0.26
n=4
99.35
97.76
94.69
91.11
89.26
86.87
83.98
82.62
81.86
81.1
80.34
79.58
78.82
78.06
77.3
76.54
75.78
75.02
74.26
73.5
72.74
71.98
71.22
70.46
69.7
68.94
68.18
67.42
66.66
65.9
65.14
64.38
63.62
62.86
62.1
61.34
60.58
59.82
59.06
58.3
57.54
56.78
56.02
55.26
54.5
53.74
52.98
52.22
51.46
50.7
49.94
49.18
48.42
47.66
46.9
46.14
45.38
44.62
43.86
43.1
42.34
41.58
40.82
40.06
39.3
38.54
37.78
37.02
36.26
35.5
34.74
33.98
33.22
32.46
31.7
30.94
30.18
29.42
28.66
27.9
27.14
26.38
25.62
24.86
24.1
23.34
22.58
21.82
21.06
20.3
19.54
18.78
18.02
17.26
16.5
15.74
14.98
14.22
13.46
12.7
11.94
11.18
10.42
9.66
8.9
8.14
7.38
6.62
5.86
5.1
4.34
3.58
2.82
2.06
1.3
0.54
-0.22
