n=1
99.35
96.5
91.9
85.49
80.83
78.1
74.26
70.62
66.79
63.36
61.13
59.5
58.07
57.04
56.21
55.58
54.95
54.32
53.69
53.06
52.43
51.8
51.17
50.54
49.91
49.28
48.65
48.02
47.39
46.76
46.13
45.5
44.87
44.24
43.61
42.98
42.35
41.72
41.09
40.46
39.83
39.2
38.57
37.94
37.31
36.68
36.05
35.42
34.79
34.16
33.53
32.9
32.27
31.64
31.01
30.38
29.75
29.12
28.49
27.86
27.23
26.6
25.97
25.34
24.71
24.08
23.45
22.82
22.19
21.56
20.93
20.3
19.67
18.6
17.43
14.8
10.96
7.56
4.21
2.04
0.11
-1.54
n=2
99.35
96.5
91.9
85.49
80.83
78.1
73.66
69.42
64.92
61.47
58.93
57.3
55.56
54.53
53.69
53.06
52.43
51.8
51.17
50.54
49.91
49.28
48.65
48.02
47.39
46.76
46.13
45.5
44.87
44.24
43.61
42.98
42.35
41.72
41.09
40.46
39.83
39.2
38.57
37.94
37.31
36.68
36.05
35.42
34.79
34.16
33.53
32.9
32.27
31.64
31.01
30.38
29.75
29.12
28.49
27.86
27.23
26.6
25.97
25.34
24.71
24.08
23.45
22.82
22.19
21.56
20.93
20.3
19.67
19.04
18.41
17.78
17.15
16.73
15.66
13.54
10.31
7.78
5.97
3.7
1.79
0.49
-1.03
n=3
99.35
96.5
91.9
85.49
80.83
77.79
73.95
69.69
65.24
61.81
59.58
57.95
56.52
55.49
54.66
54.03
53.4
52.77
52.14
51.51
50.88
50.25
49.62
48.99
48.36
47.73
47.1
46.47
45.84
45.21
44.58
43.95
43.32
42.69
42.06
41.43
40.8
40.17
39.54
38.91
38.28
37.65
37.02
36.39
35.76
35.13
34.5
33.87
33.24
32.61
31.98
31.35
30.72
30.09
29.46
28.83
28.2
27.57
26.94
26.31
25.68
25.05
24.42
23.79
23.16
22.53
21.9
21.27
20.64
20.01
19.38
18.75
18.12
17.05
15.88
11.7
6.41
3.98
0.9
-1.57
n=4
99.35
96.5
90.35
82.49
78.18
74.62
69.66
65.21
60.56
56.31
53.26
51.43
49.8
48.57
47.54
46.71
45.88
45.05
44.22
43.39
42.56
41.73
40.9
40.07
39.24
38.41
37.58
36.75
35.92
35.09
34.26
33.43
32.6
31.77
30.94
30.11
29.28
28.45
27.62
26.79
25.96
25.13
24.3
23.47
22.64
21.81
20.98
20.15
19.32
18.49
17.66
16.83
16.0
15.17
14.34
13.51
12.68
11.85
11.02
10.19
9.36
8.53
7.7
6.87
6.04
5.21
4.38
3.55
2.72
1.89
1.06
0.23
-0.6
n=5
99.35
96.5
91.9
85.49
80.83
78.1
73.66
69.42
65.57
62.12
59.89
58.26
56.83
55.8
54.97
54.34
53.71
53.08
52.45
51.82
51.19
50.56
49.93
49.3
48.67
48.04
47.41
46.78
46.15
45.52
44.89
44.26
43.63
43.0
42.37
41.74
41.11
40.48
39.85
39.22
38.59
37.96
37.33
36.7
36.07
35.44
34.81
34.18
33.55
32.92
32.29
31.66
31.03
30.4
29.77
29.14
28.51
27.88
27.25
26.62
25.99
25.36
24.73
24.1
23.47
22.84
22.21
21.58
20.95
20.32
19.69
19.06
18.43
18.01
16.94
14.82
11.59
9.06
7.25
4.98
3.07
1.77
0.25
-1.06
n=6
99.35
96.5
91.9
85.49
80.83
78.1
74.26
70.0
66.17
62.74
60.51
58.88
57.45
56.42
55.59
54.96
54.33
53.7
53.07
52.44
51.81
51.18
50.55
49.92
49.29
48.66
48.03
47.4
46.77
46.14
45.51
44.88
44.25
43.62
42.99
42.36
41.73
41.1
40.47
39.84
39.21
38.58
37.95
37.32
36.69
36.06
35.43
34.8
34.17
33.54
32.91
32.28
31.65
31.02
30.39
29.76
29.13
28.5
27.87
27.24
26.61
25.98
25.35
24.72
24.09
23.46
22.83
22.2
21.57
20.94
20.31
19.68
19.05
18.63
17.56
15.44
12.21
9.68
7.87
5.6
3.69
2.39
0.87
-0.44
n=7
99.35
96.5
91.9
85.49
80.83
77.79
73.95
70.31
65.86
62.43
60.2
58.57
57.14
56.11
55.28
54.65
54.02
53.39
52.76
52.13
51.5
50.87
50.24
49.61
48.98
48.35
47.72
47.09
46.46
45.83
45.2
44.57
43.94
43.31
42.68
42.05
41.42
40.79
40.16
39.53
38.9
38.27
37.64
37.01
36.38
35.75
35.12
34.49
33.86
33.23
32.6
31.97
31.34
30.71
30.08
29.45
28.82
28.19
27.56
26.93
26.3
25.67
25.04
24.41
23.78
23.15
22.52
21.89
21.26
20.63
20.0
19.37
18.74
18.32
17.25
15.13
11.9
9.37
7.56
5.29
3.38
2.08
0.56
-0.75
n=8
99.35
96.5
91.9
85.49
80.83
78.1
73.66
69.42
64.92
61.47
58.93
57.3
55.86
54.83
54.0
53.37
52.74
52.11
51.48
50.85
50.22
49.59
48.96
48.33
47.7
47.07
46.44
45.81
45.18
44.55
43.92
43.29
42.66
42.03
41.4
40.77
40.14
39.51
38.88
38.25
37.62
36.99
36.36
35.73
35.1
34.47
33.84
33.21
32.58
31.95
31.32
30.69
30.06
29.43
28.8
28.17
27.54
26.91
26.28
25.65
25.02
24.39
23.76
23.13
22.5
21.87
21.24
20.61
19.98
19.35
18.72
18.09
17.46
17.04
15.97
13.85
10.02
7.24
5.41
3.49
1.88
0.22
-1.55
n=9
99.35
96.5
90.97
83.73
79.12
75.87
70.56
65.81
61.17
56.36
53.91
51.15
49.52
48.28
47.25
46.42
45.59
44.76
43.93
43.1
42.27
41.44
40.61
39.78
38.95
38.12
37.29
36.46
35.63
34.8
33.97
33.14
32.31
31.48
30.65
29.82
28.99
28.16
27.33
26.5
25.67
24.84
24.01
23.18
22.35
21.52
20.69
19.86
19.03
18.2
17.37
16.54
15.71
14.88
14.05
13.22
12.39
11.56
10.73
9.9
9.07
8.24
7.41
6.58
5.75
4.92
4.09
3.26
2.43
1.6
0.77
-0.06
n=10
99.35
96.5
91.28
84.35
79.74
76.49
71.18
67.05
61.79
56.98
54.23
52.08
50.13
48.59
47.56
46.73
45.9
45.07
44.24
43.41
42.58
41.75
40.92
40.09
39.26
38.43
37.6
36.77
35.94
35.11
34.28
33.45
32.62
31.79
30.96
30.13
29.3
28.47
27.64
26.81
25.98
25.15
24.32
23.49
22.66
21.83
21.0
20.17
19.34
18.51
17.68
16.85
16.02
15.19
14.36
13.53
12.7
11.87
11.04
10.21
9.38
8.55
7.72
6.89
6.06
5.23
4.4
3.57
2.74
1.91
1.08
0.25
-0.58
