n=1
99.35
95.45
88.55
78.54
71.43
67.23
60.43
55.03
52.23
50.03
47.83
45.63
43.43
41.23
39.03
36.83
34.63
32.43
30.23
28.03
25.83
23.63
21.43
19.23
17.03
14.83
12.63
10.43
8.23
6.03
3.82
1.42
-1.58
n=2
99.35
95.45
88.24
78.22
71.11
66.61
59.8
54.7
52.21
50.32
48.43
46.54
44.65
42.76
40.87
38.98
37.09
35.2
33.31
31.42
29.53
27.64
25.75
23.86
21.97
20.08
18.19
16.3
14.41
12.52
10.22
7.62
4.42
0.91
-1.71
n=3
99.35
95.45
88.55
78.84
71.73
67.54
61.04
55.94
53.45
51.56
49.67
47.78
45.89
44.0
42.11
40.22
38.33
36.44
34.55
32.66
30.77
28.88
26.99
25.1
23.21
21.32
19.43
17.54
15.65
13.76
11.86
9.76
7.06
4.16
1.45
-2.68
n=4
99.35
95.45
87.93
77.5
69.88
64.87
57.55
51.94
48.94
46.54
44.14
41.74
39.34
36.94
34.54
32.14
29.74
27.34
24.94
22.54
20.14
17.74
15.34
12.94
10.54
8.14
5.74
3.34
0.94
-1.46
n=5
99.35
95.45
88.24
78.22
71.11
66.61
59.8
54.7
52.21
50.32
48.43
46.54
44.65
42.76
40.87
38.98
37.09
35.2
33.31
31.42
29.53
27.64
25.75
23.86
21.97
20.08
18.19
16.3
14.41
12.52
10.62
8.52
5.51
1.9
-1.22
n=6
99.35
95.45
88.55
78.84
71.73
67.54
61.04
55.94
53.45
51.56
49.67
47.78
45.89
44.0
42.11
40.22
38.33
36.44
34.55
32.66
30.77
28.88
26.99
25.1
23.21
21.32
19.43
17.54
15.65
13.76
11.86
9.45
6.44
3.23
0.21
-4.23
n=7
99.35
95.45
87.93
77.7
70.49
65.48
57.87
52.57
49.87
47.78
45.69
43.6
41.51
39.42
37.33
35.24
33.15
31.06
28.97
26.88
24.79
22.7
20.61
18.52
16.43
14.34
12.25
10.16
8.07
5.98
3.88
1.58
-1.32
n=8
99.35
95.45
88.24
78.22
71.11
66.61
59.8
54.7
52.21
50.32
48.43
46.54
44.65
42.76
40.87
38.98
37.09
35.2
33.31
31.42
29.53
27.64
25.75
23.86
21.97
20.08
18.19
16.3
14.41
12.52
10.62
8.52
5.82
2.52
-0.29
n=9
99.35
95.45
88.55
78.84
71.73
67.54
61.04
55.94
53.45
51.56
49.67
47.78
45.89
44.0
42.11
40.22
38.33
36.44
34.55
32.66
30.77
28.88
26.99
25.1
23.21
21.32
19.43
17.54
15.65
13.36
10.96
8.36
5.05
1.84
-0.78
n=10
99.35
95.45
88.24
78.22
71.11
66.92
60.11
54.7
52.21
50.32
48.43
46.54
44.65
42.76
40.87
38.98
37.09
35.2
33.31
31.42
29.53
27.64
25.75
23.86
21.97
20.08
18.19
16.3
14.41
12.52
10.62
8.52
5.82
2.52
-0.29
n=11
99.35
95.45
87.93
77.7
70.49
65.48
57.87
52.57
49.87
47.78
45.69
43.6
41.51
39.42
37.33
35.24
33.15
31.06
28.97
26.88
24.79
22.7
20.61
18.52
16.43
14.34
12.25
10.16
8.07
5.98
3.88
1.27
-1.94
n=12
99.35
95.45
87.62
77.08
69.56
64.24
56.32
50.71
47.7
45.3
42.9
40.5
38.1
35.7
33.3
30.9
28.5
26.1
23.7
21.3
18.9
16.5
14.1
11.7
9.3
6.9
4.5
2.1
-0.3
n=13
99.35
95.45
88.24
78.22
71.11
66.92
60.11
54.7
52.21
50.32
48.43
46.54
44.65
42.76
40.87
38.98
37.09
35.2
33.31
31.42
29.53
27.64
25.75
23.86
21.97
20.08
18.19
16.3
14.41
12.52
10.62
8.52
5.82
2.52
-0.29
n=14
99.35
95.45
88.24
78.22
71.11
66.92
60.11
54.7
52.21
50.32
48.43
46.54
44.65
42.76
40.87
38.98
37.09
35.2
33.31
31.42
29.53
27.64
25.75
23.86
21.97
20.08
18.19
16.3
14.41
12.12
9.72
7.12
3.81
0.6
-2.01
n=15
99.35
95.45
88.55
78.54
71.43
67.23
60.43
55.03
52.23
50.03
47.83
45.63
43.43
41.23
39.03
36.83
34.63
32.43
30.23
28.03
25.83
23.63
21.43
19.23
17.03
14.83
12.63
10.43
8.23
6.03
3.83
1.43
-1.57
