n=1
99.65
99.4
98.43
95.01
91.9
89.83
88.01
86.59
85.17
84.55
83.93
83.31
82.69
82.07
81.45
80.83
80.21
79.59
78.97
78.35
77.73
77.11
76.49
75.87
75.25
74.63
74.01
73.39
72.77
72.15
71.53
70.91
70.29
69.67
69.05
68.43
67.81
67.19
66.57
65.95
65.33
64.71
64.09
63.47
62.85
62.23
61.61
60.99
60.37
59.75
59.13
58.51
57.89
57.27
56.65
56.03
55.41
54.79
54.17
53.55
52.93
52.31
51.69
51.07
50.45
49.83
49.21
48.7
47.74
46.13
44.26
43.29
41.47
38.76
36.89
35.67
34.45
33.83
33.21
32.79
32.37
31.95
31.53
31.11
30.69
30.27
29.85
29.43
29.01
28.59
28.17
27.75
27.33
26.91
26.49
26.07
25.65
25.23
24.81
24.39
23.97
23.55
23.13
22.71
22.29
21.98
21.73
21.48
21.23
20.05
17.22
14.91
14.03
13.4
12.98
12.56
11.54
10.73
10.11
9.7
9.08
8.67
8.05
7.64
7.02
6.61
6.3
5.54
4.13
4.13
4.13
3.83
2.63
2.63
2.21
1.09
-0.51
n=2
99.65
99.4
98.43
95.01
91.9
89.83
88.01
86.59
85.17
84.55
83.93
83.31
82.69
82.07
81.45
80.83
80.21
79.59
78.97
78.35
77.73
77.11
76.49
75.87
75.25
74.63
74.01
73.39
72.77
72.15
71.53
70.91
70.29
69.67
69.05
68.43
67.81
67.19
66.57
65.95
65.33
64.71
64.09
63.47
62.85
62.23
61.61
60.99
60.37
59.75
59.13
58.51
57.89
57.27
56.65
56.03
55.41
54.79
54.17
53.55
52.93
52.31
51.69
51.07
50.45
49.83
49.21
48.7
47.74
46.13
44.26
43.29
41.47
38.76
36.89
35.67
34.45
33.83
33.21
32.79
32.37
31.95
31.53
31.11
30.69
30.27
29.85
29.43
29.01
28.59
28.17
27.75
27.33
26.91
26.49
26.07
25.65
25.23
24.81
24.39
23.97
23.55
23.13
22.71
22.29
21.98
21.73
21.48
21.23
20.05
17.22
14.91
14.03
13.4
12.98
12.56
11.54
10.73
10.11
9.7
9.08
8.67
8.05
7.64
7.02
6.61
6.3
5.54
4.13
4.13
4.13
3.83
2.63
2.63
2.21
1.09
-0.51
n=3
99.65
99.4
98.43
95.01
91.9
89.83
88.01
86.59
85.17
84.55
83.93
83.31
82.69
82.07
81.45
80.83
80.21
79.59
78.97
78.35
77.73
77.11
76.49
75.87
75.25
74.63
74.01
73.39
72.77
72.15
71.53
70.91
70.29
69.67
69.05
68.43
67.81
67.19
66.57
65.95
65.33
64.71
64.09
63.47
62.85
62.23
61.61
60.99
60.37
59.75
59.13
58.51
57.89
57.27
56.65
56.03
55.41
54.79
54.17
53.55
52.93
52.31
51.69
51.07
50.45
49.83
49.21
48.7
47.74
46.13
43.96
42.79
40.66
37.34
35.07
32.27
30.4
28.82
27.55
26.48
25.41
24.34
23.27
22.2
21.13
20.06
18.99
17.92
16.85
15.78
14.71
13.64
12.57
11.5
10.43
9.36
8.29
7.22
6.15
5.08
4.01
2.94
1.87
0.8
-0.07
n=4
99.65
99.4
98.43
95.01
91.9
89.83
88.01
86.59
85.17
84.55
83.93
83.31
82.69
82.07
81.45
80.83
80.21
79.59
78.97
78.35
77.73
77.11
76.49
75.87
75.25
74.63
74.01
73.39
72.77
72.15
71.53
70.91
70.29
69.67
69.05
68.43
67.81
67.19
66.57
65.95
65.33
64.71
64.09
63.47
62.85
62.23
61.61
60.99
60.37
59.75
59.13
58.51
57.89
57.27
56.65
56.03
55.41
54.79
54.17
53.55
52.93
52.31
51.69
51.07
50.45
49.83
49.21
48.7
47.74
46.13
44.26
43.29
41.47
38.76
36.89
35.67
34.45
33.83
33.21
32.79
32.37
31.95
31.53
31.11
30.69
30.27
29.85
29.43
29.01
28.59
28.17
27.75
27.33
26.91
26.49
26.07
25.65
25.23
24.81
24.39
23.97
23.55
23.13
22.71
22.29
21.98
21.73
21.48
21.23
20.05
17.22
14.91
14.03
13.4
12.88
11.91
10.89
10.07
9.45
9.04
8.42
8.01
7.39
6.98
6.36
5.95
5.64
4.88
3.47
3.47
3.47
3.17
1.97
1.97
1.55
0.43
-1.17
n=5
99.65
99.4
98.43
95.01
91.9
89.83
88.01
86.59
85.17
84.55
83.93
83.31
82.69
82.07
81.45
80.83
80.21
79.59
78.97
78.35
77.73
77.11
76.49
75.87
75.25
74.63
74.01
73.39
72.77
72.15
71.53
70.91
70.29
69.67
69.05
68.43
67.81
67.19
66.57
65.95
65.33
64.71
64.09
63.47
62.85
62.23
61.61
60.99
60.37
59.75
59.13
58.51
57.89
57.27
56.65
56.03
55.41
54.79
54.17
53.55
52.93
52.31
51.69
51.07
50.45
49.83
49.21
48.7
47.74
46.13
44.26
43.29
41.47
38.76
36.89
35.67
34.45
33.83
33.21
32.79
32.37
31.95
31.53
31.11
30.69
30.27
29.85
29.43
29.01
28.59
28.17
27.75
27.33
26.91
26.49
26.07
25.65
25.23
24.81
24.39
23.97
23.55
23.13
22.71
22.29
21.98
21.73
21.48
21.23
20.05
17.22
14.91
14.03
13.4
12.98
12.56
11.54
10.73
10.11
9.7
9.08
8.67
8.05
7.64
7.02
6.61
6.3
5.54
4.13
4.13
4.13
3.83
2.63
2.63
2.21
1.09
-0.51
n=6
99.65
99.4
98.43
95.01
91.9
89.83
88.01
86.59
85.17
84.55
83.93
83.31
82.69
82.07
81.45
80.83
80.21
79.59
78.97
78.35
77.73
77.11
76.49
75.87
75.25
74.63
74.01
73.39
72.77
72.15
71.53
70.91
70.29
69.67
69.05
68.43
67.81
67.19
66.57
65.95
65.33
64.71
64.09
63.47
62.85
62.23
61.61
60.99
60.37
59.75
59.13
58.51
57.89
57.27
56.65
56.03
55.41
54.79
54.17
53.55
52.93
52.31
51.69
51.07
50.45
49.83
49.21
48.7
47.74
46.13
43.96
42.79
39.11
34.55
32.28
30.1
28.23
26.96
25.69
24.62
23.55
22.48
21.41
20.34
19.27
18.2
17.13
16.06
14.99
13.92
12.85
11.78
10.71
9.64
8.57
7.5
6.43
5.36
4.29
3.22
2.15
1.08
0.01
-1.06
n=7
99.65
99.1
97.93
94.2
90.79
87.7
85.23
81.61
79.54
78.27
77.0
75.73
74.46
72.88
71.61
70.34
69.07
67.49
66.22
64.95
63.68
62.41
61.14
59.87
58.6
57.02
55.75
54.48
53.21
51.63
50.36
49.09
47.82
46.24
44.97
43.39
42.12
40.85
39.58
38.0
36.73
35.46
34.19
32.61
31.34
30.07
28.8
27.22
25.95
24.37
23.1
21.83
20.56
19.29
18.02
16.44
15.17
13.9
12.63
11.36
10.09
8.51
7.24
5.97
4.7
3.12
2.05
0.88
0.02
-4.31
n=8
99.65
99.4
98.43
95.01
91.7
89.88
87.75
86.33
84.9
84.28
83.66
83.04
82.42
81.8
81.18
80.56
79.94
79.32
78.7
78.08
77.46
76.84
76.22
75.6
74.98
74.36
73.74
73.12
72.5
71.88
71.26
70.64
70.02
69.4
68.78
68.16
67.54
66.92
66.3
65.68
65.06
64.44
63.82
63.2
62.58
61.96
61.34
60.72
60.1
59.48
58.86
58.24
57.62
57.0
56.38
55.76
55.14
54.52
53.9
53.28
52.66
52.04
51.42
50.8
50.18
49.56
48.94
48.53
48.12
46.51
44.9
44.38
42.01
39.41
37.78
36.56
35.34
34.72
34.1
33.68
33.26
32.84
32.42
32.0
31.58
31.16
30.74
30.32
29.9
29.48
29.06
28.64
28.22
27.8
27.38
26.96
26.54
26.12
25.7
25.28
24.86
24.44
24.02
23.6
23.18
22.87
22.62
22.37
21.82
20.44
16.06
13.55
12.47
11.64
11.02
10.4
8.25
7.14
5.76
5.05
3.67
2.96
1.58
0.87
-0.51
n=9
99.65
99.4
98.43
95.01
91.7
89.88
87.75
86.33
84.9
84.28
83.66
83.04
82.42
81.8
81.18
80.56
79.94
79.32
78.7
78.08
77.46
76.84
76.22
75.6
74.98
74.36
73.74
73.12
72.5
71.88
71.26
70.64
70.02
69.4
68.78
68.16
67.54
66.92
66.3
65.68
65.06
64.44
63.82
63.2
62.58
61.96
61.34
60.72
60.1
59.48
58.86
58.24
57.62
57.0
56.38
55.76
55.14
54.52
53.9
53.28
52.66
52.04
51.42
50.8
50.18
49.56
48.94
48.53
48.12
46.51
44.9
44.38
42.01
39.41
37.48
36.26
35.03
34.41
33.79
33.37
32.95
32.53
32.11
31.69
31.27
30.85
30.43
30.01
29.59
29.17
28.75
28.33
27.91
27.49
27.07
26.65
26.23
25.81
25.39
24.97
24.55
24.13
23.71
23.29
22.87
22.66
22.56
22.31
22.06
20.88
18.05
15.74
14.86
14.23
13.81
13.39
12.37
11.46
10.59
10.08
9.21
8.7
7.83
7.32
6.45
5.94
5.48
5.27
3.86
3.76
3.51
3.26
1.81
1.26
0.09
-1.04
n=10
99.65
99.4
98.43
95.01
91.7
89.88
87.75
86.33
84.9
84.28
83.66
83.04
82.42
81.8
81.18
80.56
79.94
79.32
78.7
78.08
77.46
76.84
76.22
75.6
74.98
74.36
73.74
73.12
72.5
71.88
71.26
70.64
70.02
69.4
68.78
68.16
67.54
66.92
66.3
65.68
65.06
64.44
63.82
63.2
62.58
61.96
61.34
60.72
60.1
59.48
58.86
58.24
57.62
57.0
56.38
55.76
55.14
54.52
53.9
53.28
52.66
52.04
51.42
50.8
50.18
49.56
48.94
48.53
48.12
46.51
44.9
44.38
42.01
39.41
37.48
36.26
34.73
34.11
33.48
33.06
32.64
32.22
31.8
31.38
30.96
30.54
30.12
29.7
29.28
28.86
28.44
28.02
27.6
27.18
26.76
26.34
25.92
25.5
25.08
24.66
24.24
23.82
23.4
22.98
22.56
22.35
22.25
22.0
21.75
20.57
17.74
15.43
14.55
13.92
13.5
13.08
12.06
11.25
10.63
10.22
9.6
9.19
8.57
8.16
7.54
7.13
6.82
6.06
4.65
4.65
4.65
4.35
3.15
3.15
2.73
1.61
0.01
0.01
0.01
-0.29
n=11
99.65
99.4
98.43
95.01
91.7
89.88
88.05
86.63
85.21
84.59
83.97
83.35
82.73
82.11
81.49
80.87
80.25
79.63
79.01
78.39
77.77
77.15
76.53
75.91
75.29
74.67
74.05
73.43
72.81
72.19
71.57
70.95
70.33
69.71
69.09
68.47
67.85
67.23
66.61
65.99
65.37
64.75
64.13
63.51
62.89
62.27
61.65
61.03
60.41
59.79
59.17
58.55
57.93
57.31
56.69
56.07
55.45
54.83
54.21
53.59
52.97
52.35
51.73
51.11
50.49
49.87
49.25
48.84
48.43
46.82
45.21
44.69
42.32
39.72
38.09
36.87
35.65
35.03
34.41
33.99
33.57
33.15
32.73
32.31
31.89
31.47
31.05
30.63
30.21
29.79
29.37
28.95
28.53
28.11
27.69
27.27
26.85
26.43
26.01
25.59
25.17
24.75
24.33
23.91
23.49
23.28
23.18
22.93
22.68
21.5
18.67
16.36
15.48
14.85
14.33
13.36
12.34
11.52
10.9
10.49
9.87
9.46
8.84
8.43
7.81
7.4
7.09
6.33
4.92
4.92
4.92
4.62
3.42
3.42
3.0
1.88
0.28
0.28
0.28
-0.02
n=12
99.65
99.1
97.93
90.17
86.76
82.74
80.27
78.2
76.13
74.55
73.28
71.7
70.43
69.16
67.89
66.31
65.04
63.77
62.5
60.92
59.65
58.07
56.8
55.22
53.95
52.68
51.41
49.83
48.56
47.29
46.02
44.44
43.17
41.9
40.63
39.36
38.09
36.51
35.24
33.97
32.7
31.12
29.85
28.58
27.31
25.73
24.46
23.19
21.92
20.65
19.38
17.8
16.53
14.95
13.68
12.41
11.14
9.56
8.29
6.71
5.44
4.17
2.9
1.32
0.05
-1.22
n=13
99.65
99.4
98.43
95.01
91.7
89.88
88.05
86.63
85.21
84.59
83.97
83.35
82.73
82.11
81.49
80.87
80.25
79.63
79.01
78.39
77.77
77.15
76.53
75.91
75.29
74.67
74.05
73.43
72.81
72.19
71.57
70.95
70.33
69.71
69.09
68.47
67.85
67.23
66.61
65.99
65.37
64.75
64.13
63.51
62.89
62.27
61.65
61.03
60.41
59.79
59.17
58.55
57.93
57.31
56.69
56.07
55.45
54.83
54.21
53.59
52.97
52.35
51.73
51.11
50.49
49.87
49.25
48.84
48.43
46.82
45.21
44.69
42.32
39.72
37.79
36.57
35.34
34.72
34.1
33.68
33.26
32.84
32.42
32.0
31.58
31.16
30.74
30.32
29.9
29.48
29.06
28.64
28.22
27.8
27.38
26.96
26.54
26.12
25.7
25.28
24.86
24.44
24.02
23.6
23.18
22.97
22.87
22.62
22.37
21.19
18.36
16.05
15.17
14.54
14.12
13.7
12.68
11.77
10.9
10.39
9.52
9.01
8.14
7.63
6.76
6.25
5.79
5.58
4.17
4.07
3.82
3.57
2.12
1.57
0.4
-0.73
n=14
99.65
99.4
98.43
95.01
91.7
89.88
87.75
86.33
84.9
84.28
83.66
83.04
82.42
81.8
81.18
80.56
79.94
79.32
78.7
78.08
77.46
76.84
76.22
75.6
74.98
74.36
73.74
73.12
72.5
71.88
71.26
70.64
70.02
69.4
68.78
68.16
67.54
66.92
66.3
65.68
65.06
64.44
63.82
63.2
62.58
61.96
61.34
60.72
60.1
59.48
58.86
58.24
57.62
57.0
56.38
55.76
55.14
54.52
53.9
53.28
52.66
52.04
51.42
50.8
50.18
49.56
48.94
48.53
48.12
46.51
44.9
44.38
42.01
39.41
37.48
36.26
35.03
34.41
33.79
33.37
32.95
32.53
32.11
31.69
31.27
30.85
30.43
30.01
29.59
29.17
28.75
28.33
27.91
27.49
27.07
26.65
26.23
25.81
25.39
24.97
24.55
24.13
23.71
23.29
22.87
22.66
22.56
22.31
21.76
20.38
16.62
14.11
13.03
12.2
11.48
10.31
9.29
7.97
7.35
6.18
5.56
4.39
3.77
2.6
1.98
1.11
0.45
-0.21
n=15
99.65
99.4
98.43
95.01
91.7
89.88
87.75
86.33
84.35
83.73
82.8
82.18
81.25
80.63
79.45
78.83
77.9
77.28
76.1
75.48
74.55
73.93
73.0
72.38
71.45
70.83
69.65
69.03
68.1
67.48
66.3
65.68
64.75
64.13
63.2
62.58
61.4
60.78
59.85
59.23
58.05
57.43
56.5
55.88
54.7
54.08
53.15
52.53
51.6
50.98
49.8
49.18
48.25
47.63
46.7
46.08
44.9
44.28
43.35
42.73
41.8
41.18
40.0
39.38
38.45
37.83
36.65
36.24
35.27
33.66
31.79
30.82
29.0
26.29
24.42
23.2
21.98
21.36
20.74
20.32
19.9
19.48
19.06
18.64
18.22
17.8
17.38
16.96
16.54
16.12
15.7
15.28
14.86
14.44
14.02
13.6
13.18
12.76
12.34
11.92
11.5
11.08
10.66
10.24
9.82
9.51
9.26
9.01
8.46
7.08
3.32
0.81
-0.27
