n=1
99.35
96.5
91.65
84.99
80.33
77.75
74.06
71.77
70.89
70.01
69.13
68.25
67.37
66.49
65.61
64.73
63.85
62.97
62.09
61.21
60.33
59.45
58.57
57.69
56.81
55.93
55.05
54.17
53.29
52.41
51.53
50.65
49.77
48.89
48.01
47.13
46.25
45.37
44.49
43.61
42.73
41.85
40.97
40.09
39.21
38.33
37.45
36.57
35.69
34.81
33.93
33.05
32.17
31.29
30.41
29.53
28.65
27.77
26.89
26.01
25.13
24.25
23.37
22.49
21.61
20.73
19.85
18.97
18.09
17.21
16.33
15.03
12.33
8.71
5.09
1.49
-1.91
n=2
99.35
96.5
91.65
84.99
80.33
77.75
74.06
71.77
70.89
70.01
69.13
68.25
67.37
66.49
65.61
64.73
63.85
62.97
62.09
61.21
60.33
59.45
58.57
57.69
56.81
55.93
55.05
54.17
53.29
52.41
51.53
50.65
49.77
48.89
48.01
47.13
46.25
45.37
44.49
43.61
42.73
41.85
40.97
40.09
39.21
38.33
37.45
36.57
35.69
34.81
33.93
33.05
32.17
31.29
30.41
29.53
28.65
27.77
26.89
26.01
25.13
24.25
23.37
22.49
21.61
20.73
19.85
18.97
18.09
17.21
15.93
14.13
11.33
7.61
4.19
0.6
-2.5
n=3
99.35
96.5
91.65
84.99
80.33
77.75
74.06
71.77
70.89
70.01
69.13
68.25
67.37
66.49
65.61
64.73
63.85
62.97
62.09
61.21
60.33
59.45
58.57
57.69
56.81
55.93
55.05
54.17
53.29
52.41
51.53
50.65
49.77
48.89
48.01
47.13
46.25
45.37
44.49
43.61
42.73
41.85
40.97
40.09
39.21
38.33
37.45
36.57
35.69
34.81
33.93
33.05
32.17
31.29
30.41
29.53
28.65
27.77
26.89
26.01
25.13
24.25
23.37
22.49
21.61
20.73
19.85
18.97
18.09
17.21
16.33
15.03
11.71
7.78
3.85
-0.27
n=4
99.35
96.5
90.1
81.99
77.43
74.02
69.21
66.73
65.65
64.57
63.49
62.41
61.33
60.25
59.17
58.09
57.01
55.93
54.85
53.77
52.69
51.61
50.53
49.45
48.37
47.29
46.21
45.13
44.05
42.97
41.89
40.81
39.73
38.65
37.57
36.49
35.41
34.33
33.25
32.17
31.09
30.01
28.93
27.85
26.77
25.69
24.61
23.53
22.45
21.37
20.29
19.21
18.13
17.05
15.97
14.89
13.81
12.73
11.65
10.57
9.49
8.41
7.33
6.25
5.17
4.09
3.01
1.93
0.85
-0.23
n=5
99.35
96.5
91.65
84.99
80.33
77.75
74.06
71.77
70.89
70.01
69.13
68.25
67.37
66.49
65.61
64.73
63.85
62.97
62.09
61.21
60.33
59.45
58.57
57.69
56.81
55.93
55.05
54.17
53.29
52.41
51.53
50.65
49.77
48.89
48.01
47.13
46.25
45.37
44.49
43.61
42.73
41.85
40.97
40.09
39.21
38.33
37.45
36.57
35.69
34.81
33.93
33.05
32.17
31.29
30.41
29.53
28.65
27.77
26.89
26.01
25.13
24.25
23.37
22.49
21.61
20.73
19.85
18.97
18.09
17.21
15.93
14.13
11.33
7.9
4.47
0.88
-2.62
n=6
99.35
96.5
91.65
84.99
80.33
77.75
74.06
71.77
70.89
70.01
69.13
68.25
67.37
66.49
65.61
64.73
63.85
62.97
62.09
61.21
60.33
59.45
58.57
57.69
56.81
55.93
55.05
54.17
53.29
52.41
51.53
50.65
49.77
48.89
48.01
47.13
46.25
45.37
44.49
43.61
42.73
41.85
40.97
40.09
39.21
38.33
37.45
36.57
35.69
34.81
33.93
33.05
32.17
31.29
30.41
29.53
28.65
27.77
26.89
26.01
25.13
24.25
23.37
22.49
21.61
20.73
19.85
18.97
18.09
17.21
16.33
15.03
12.02
8.09
4.47
0.56
-3.15
n=7
99.35
96.5
91.65
84.99
80.33
77.75
74.06
71.77
70.89
70.01
69.13
68.25
67.37
66.49
65.61
64.73
63.85
62.97
62.09
61.21
60.33
59.45
58.57
57.69
56.81
55.93
55.05
54.17
53.29
52.41
51.53
50.65
49.77
48.89
48.01
47.13
46.25
45.37
44.49
43.61
42.73
41.85
40.97
40.09
39.21
38.33
37.45
36.57
35.69
34.81
33.93
33.05
32.17
31.29
30.41
29.53
28.65
27.77
26.89
26.01
25.13
24.25
23.37
22.49
21.61
20.73
19.85
18.97
18.09
17.21
16.33
15.03
12.02
8.4
4.47
0.35
-3.46
n=8
99.35
96.5
91.65
84.99
80.33
77.75
74.06
71.77
70.89
70.01
69.13
68.25
67.37
66.49
65.61
64.73
63.85
62.97
62.09
61.21
60.33
59.45
58.57
57.69
56.81
55.93
55.05
54.17
53.29
52.41
51.53
50.65
49.77
48.89
48.01
47.13
46.25
45.37
44.49
43.61
42.73
41.85
40.97
40.09
39.21
38.33
37.45
36.57
35.69
34.81
33.93
33.05
32.17
31.29
30.41
29.53
28.65
27.77
26.89
26.01
25.13
24.25
23.37
22.49
21.61
20.73
19.85
18.97
18.09
17.21
15.93
14.13
11.33
7.9
3.85
-0.36
n=9
99.35
96.5
90.72
83.23
78.67
75.57
71.07
68.59
67.51
66.43
65.35
64.27
63.19
62.11
61.03
59.95
58.87
57.79
56.71
55.63
54.55
53.47
52.39
51.31
50.23
49.15
48.07
46.99
45.91
44.83
43.75
42.67
41.59
40.51
39.43
38.35
37.27
36.19
35.11
34.03
32.95
31.87
30.79
29.71
28.63
27.55
26.47
25.39
24.31
23.23
22.15
21.07
19.99
18.91
17.83
16.75
15.67
14.59
13.51
12.43
11.35
10.27
9.19
8.11
7.03
5.95
4.87
3.79
2.71
1.63
0.35
-1.45
n=10
99.35
96.5
91.03
83.85
79.29
76.19
71.69
69.21
68.13
67.05
65.97
64.89
63.81
62.73
61.65
60.57
59.49
58.41
57.33
56.25
55.17
54.09
53.01
51.93
50.85
49.77
48.69
47.61
46.53
45.45
44.37
43.29
42.21
41.13
40.05
38.97
37.89
36.81
35.73
34.65
33.57
32.49
31.41
30.33
29.25
28.17
27.09
26.01
24.93
23.85
22.77
21.69
20.61
19.53
18.45
17.37
16.29
15.21
14.13
13.05
11.97
10.89
9.81
8.73
7.65
6.57
5.49
4.41
3.33
2.25
0.97
-0.83
