n=1
99.65
99.4
98.64
95.77
91.37
89.2
87.73
85.95
84.38
83.51
82.54
81.67
80.8
79.93
78.96
78.09
77.22
76.25
75.38
74.51
73.64
72.97
72.42
71.55
66.22
62.75
61.88
60.91
60.04
59.07
58.2
57.33
56.46
55.79
55.03
54.16
50.75
48.68
47.81
46.94
45.97
45.1
44.23
43.36
42.6
41.73
38.75
35.98
34.91
33.84
32.97
32.3
31.54
30.67
27.87
26.0
25.03
24.16
23.29
22.42
21.96
21.2
18.33
13.93
11.86
10.39
8.82
7.35
6.69
6.03
2.21
0.14
-1.13
n=2
99.65
99.4
98.94
95.97
92.95
91.32
90.3
89.28
88.26
87.84
87.42
87.0
86.58
86.16
85.74
85.32
84.9
84.48
84.06
83.64
83.22
82.8
82.7
81.73
78.71
75.68
75.26
74.84
74.42
74.0
73.58
73.16
72.74
72.32
72.01
71.04
69.42
67.79
67.37
66.95
66.53
66.11
65.69
65.27
65.06
64.64
62.42
60.2
59.58
58.96
58.54
58.12
57.81
56.84
55.42
53.99
53.57
53.15
52.73
52.31
52.1
51.79
48.82
45.8
44.17
43.15
42.13
41.11
40.9
40.69
39.28
37.66
36.84
36.02
35.5
34.53
32.31
29.98
29.01
28.19
27.36
26.94
26.52
26.1
25.68
25.26
24.84
24.53
23.56
22.14
20.71
20.29
19.87
19.45
19.03
18.61
18.19
17.77
17.35
16.93
16.51
16.09
15.67
15.57
15.32
15.07
13.68
10.64
8.33
7.24
6.4
5.56
4.72
3.88
3.04
2.2
1.36
0.84
0.38
0.13
-0.12
n=3
99.65
99.4
98.94
95.97
92.95
91.32
90.3
89.28
88.26
87.84
87.42
87.0
86.58
86.16
85.74
85.32
84.9
84.48
84.06
83.64
83.22
82.8
82.7
81.73
78.71
75.68
75.26
74.84
74.42
74.0
73.58
73.16
72.74
72.32
72.01
71.04
69.42
67.79
67.37
66.95
66.53
66.11
65.69
65.27
65.06
64.64
62.42
60.2
59.58
58.96
58.54
58.12
57.81
56.84
55.42
53.99
53.57
53.15
52.73
52.31
52.1
51.79
48.82
45.8
44.17
43.15
42.13
41.11
40.9
40.69
39.28
37.66
36.84
36.02
35.5
34.53
32.31
29.98
29.01
28.19
27.36
26.94
26.52
26.1
25.68
25.26
24.84
24.53
23.56
22.14
20.71
20.29
19.87
19.45
19.03
18.61
18.19
17.77
17.35
16.93
16.51
16.09
15.67
15.57
15.32
14.77
13.18
9.52
7.01
5.72
4.68
3.64
2.6
1.56
0.52
-0.52
n=4
99.65
99.4
98.64
96.22
93.19
91.57
90.55
89.53
88.51
88.09
87.67
87.25
86.83
86.41
85.99
85.57
85.15
84.73
84.31
83.89
83.47
83.05
82.95
81.98
78.96
75.93
75.51
75.09
74.67
74.25
73.83
73.41
72.99
72.57
72.26
71.29
69.67
68.04
67.62
67.2
66.78
66.36
65.94
65.52
65.21
64.24
62.02
59.79
59.17
58.55
58.13
57.71
57.5
57.08
55.66
54.24
53.82
53.4
52.98
52.56
52.25
51.49
49.07
46.04
44.42
43.4
42.38
41.36
41.05
40.29
38.88
37.25
36.43
35.61
35.09
34.12
31.9
29.67
29.25
28.43
27.61
27.19
26.77
26.35
25.93
25.51
25.09
24.88
24.46
23.04
21.62
21.2
20.78
20.36
19.94
19.52
19.1
18.68
18.26
17.84
17.42
17.0
16.58
16.48
16.23
15.98
14.59
11.55
9.24
8.15
7.31
6.47
5.63
4.79
3.95
3.11
2.27
1.75
1.29
1.04
0.79
-0.18
n=5
99.65
99.4
98.64
96.22
93.19
91.57
90.55
89.53
88.51
88.09
87.67
87.25
86.83
86.41
85.99
85.57
85.15
84.73
84.31
83.89
83.47
83.05
82.95
81.98
78.96
75.93
75.51
75.09
74.67
74.25
73.83
73.41
72.99
72.57
72.26
71.29
69.67
68.04
67.62
67.2
66.78
66.36
65.94
65.52
65.31
64.89
62.67
60.45
59.83
59.21
58.79
58.37
58.06
57.09
55.67
54.24
53.82
53.4
52.98
52.56
52.25
51.49
49.07
46.04
44.42
43.4
42.38
41.36
41.05
40.29
38.88
37.25
36.43
35.61
35.09
34.12
31.9
29.67
29.25
28.43
27.61
27.19
26.77
26.35
25.93
25.51
25.09
24.88
24.46
23.04
21.62
21.2
20.78
20.36
19.94
19.52
19.1
18.68
18.26
17.84
17.42
17.0
16.58
16.48
16.23
15.68
14.09
9.19
6.68
5.39
4.35
3.31
2.27
1.23
0.19
-0.85
n=6
99.65
99.4
98.64
96.22
93.19
91.57
90.55
89.53
88.51
88.09
87.67
87.25
86.83
86.41
85.99
85.57
85.15
84.73
84.31
83.89
83.47
83.05
82.95
81.98
78.96
75.93
75.51
75.09
74.67
74.25
73.83
73.41
72.99
72.57
72.36
71.94
70.32
68.7
68.28
67.86
67.44
67.02
66.6
66.18
65.87
64.9
62.68
60.45
59.83
59.21
58.79
58.37
58.16
57.74
56.32
54.9
54.48
54.06
53.64
53.22
52.91
52.15
49.73
46.7
45.08
44.06
43.04
42.02
41.71
41.25
39.59
37.42
36.6
35.77
35.35
34.93
32.71
30.49
30.07
29.25
28.43
28.01
27.59
27.17
26.75
26.33
25.91
25.6
24.63
23.21
21.78
21.36
20.94
20.52
20.1
19.68
19.26
18.84
18.42
18.0
17.58
17.16
16.74
16.64
16.39
15.84
14.25
10.9
8.39
7.1
6.06
5.02
3.98
2.94
1.9
0.86
-0.18
n=7
99.65
99.4
98.64
96.22
93.19
91.57
90.55
89.53
88.51
88.09
87.67
87.25
86.83
86.41
85.99
85.57
85.15
84.73
84.31
83.89
83.47
83.05
82.95
81.98
78.96
75.93
75.51
75.09
74.67
74.25
73.83
73.41
72.99
72.57
72.26
71.29
69.67
68.04
67.62
67.2
66.78
66.36
65.94
65.52
65.21
64.24
62.02
59.79
59.17
58.55
58.13
57.71
57.5
57.08
55.66
54.24
53.82
53.4
52.98
52.56
52.25
51.49
49.07
46.04
44.42
43.4
42.38
41.36
41.05
40.29
38.88
37.25
36.43
35.61
35.09
34.12
31.9
29.67
29.25
28.43
27.61
27.19
26.77
26.35
25.93
25.51
25.09
24.88
24.46
23.04
21.62
21.2
20.78
20.36
19.94
19.52
19.1
18.68
18.26
17.84
17.42
17.0
16.58
16.48
16.23
15.98
14.59
11.55
9.24
8.15
7.31
6.47
5.63
4.79
3.95
3.11
2.27
1.75
1.29
1.04
0.49
-0.68
n=8
99.65
99.4
98.64
96.22
93.19
91.57
90.55
89.53
88.51
88.09
87.67
87.25
86.83
86.41
85.99
85.57
85.15
84.73
84.31
83.89
83.47
83.05
82.95
81.98
78.96
75.93
75.51
75.09
74.67
74.25
73.83
73.41
72.99
72.57
72.36
71.94
70.32
68.7
68.28
67.86
67.44
67.02
66.6
66.18
65.87
64.9
62.68
60.45
59.83
59.21
58.79
58.37
58.06
57.09
55.67
54.24
53.82
53.4
52.98
52.56
52.25
51.49
49.07
46.04
44.42
43.4
42.38
41.36
41.05
40.29
38.88
37.25
36.43
35.61
35.09
34.12
31.9
29.67
29.25
28.43
27.61
27.19
26.77
26.35
25.93
25.51
25.09
24.88
24.46
23.04
21.62
21.2
20.78
20.36
19.94
19.52
19.1
18.68
18.26
17.84
17.42
17.0
16.58
16.48
16.23
15.98
14.59
11.55
9.24
8.15
7.31
6.47
5.63
4.79
3.95
3.11
2.27
1.75
1.29
1.04
0.49
-0.68
n=9
99.65
99.4
98.64
96.22
93.19
91.57
90.55
89.53
88.51
88.09
87.67
87.25
86.83
86.41
85.99
85.57
85.15
84.73
84.31
83.89
83.47
83.05
82.95
81.98
78.96
75.93
75.51
75.09
74.67
74.25
73.83
73.41
72.99
72.57
72.36
71.94
70.32
68.7
68.28
67.86
67.44
67.02
66.6
66.18
65.87
64.9
62.68
60.45
59.83
59.21
58.79
58.37
58.16
57.74
56.32
54.9
54.48
54.06
53.64
53.22
52.91
52.15
49.73
46.7
45.08
44.06
43.04
42.02
41.71
41.25
39.29
37.22
35.33
33.96
33.09
32.12
28.52
25.75
24.88
22.99
21.72
20.85
19.88
19.01
18.14
17.27
16.6
15.84
14.97
11.86
9.89
9.02
8.15
7.18
6.31
5.34
4.47
3.6
2.63
1.76
0.89
-0.08
n=10
99.65
99.4
98.94
95.97
92.95
91.32
90.3
89.28
88.26
87.84
87.42
87.0
86.58
86.16
85.74
85.32
84.9
84.48
84.06
83.64
83.22
82.8
82.7
81.73
78.71
75.68
75.26
74.84
74.42
74.0
73.58
73.16
72.74
72.32
72.01
71.04
69.42
67.79
67.37
66.95
66.53
66.11
65.69
65.27
65.06
64.64
62.42
60.2
59.58
58.96
58.54
58.12
57.81
56.84
55.42
53.99
53.57
53.15
52.73
52.31
52.1
51.79
48.82
45.8
44.17
43.15
42.13
41.11
40.9
40.69
39.28
37.66
36.84
36.02
35.5
34.53
32.31
30.08
29.66
28.84
28.02
27.6
27.18
26.76
26.34
25.92
25.5
25.29
24.87
23.45
22.03
21.61
21.19
20.77
20.35
19.93
19.51
19.09
18.67
18.25
17.83
17.41
16.99
16.89
16.64
16.39
15.0
11.96
9.65
8.56
7.72
6.88
6.04
5.2
4.36
3.52
2.68
2.16
1.7
1.45
1.2
0.23
-0.99
n=11
99.65
99.4
98.64
96.22
93.19
91.57
90.55
89.53
88.51
88.09
87.67
87.25
86.83
86.41
85.99
85.57
85.15
84.73
84.31
83.89
83.47
83.05
82.95
81.98
78.96
75.93
75.51
75.09
74.67
74.25
73.83
73.41
72.99
72.57
72.36
71.94
70.32
68.7
68.28
67.86
67.44
67.02
66.6
66.18
65.87
64.9
62.68
60.45
59.83
59.21
58.79
58.37
58.16
57.74
56.32
54.9
54.48
54.06
53.64
53.22
52.91
52.15
49.73
46.7
45.08
44.06
43.04
42.02
41.71
40.95
39.54
37.91
37.09
36.27
35.75
34.78
32.56
30.33
29.91
29.09
28.27
27.85
27.43
27.01
26.59
26.17
25.75
25.54
25.12
23.7
22.28
21.86
21.44
21.02
20.6
20.18
19.76
19.34
18.92
18.5
18.08
17.66
17.24
17.14
16.89
16.34
14.75
11.09
8.58
7.29
6.25
5.21
4.17
3.13
2.09
1.05
0.01
-0.71
n=12
99.65
99.4
98.64
96.22
92.89
91.27
89.69
88.67
87.64
87.22
86.8
86.38
85.96
85.54
85.12
84.7
84.28
83.86
83.44
83.02
82.6
82.18
82.08
81.11
78.09
75.06
74.64
74.22
73.8
73.38
72.96
72.54
72.12
71.7
71.49
71.07
69.45
67.83
67.41
66.99
66.57
66.15
65.73
65.31
65.0
64.03
61.81
59.58
58.96
58.34
57.92
57.5
57.29
56.87
55.45
54.03
53.61
53.19
52.77
52.35
52.04
51.28
48.86
45.28
43.66
42.33
41.31
40.28
39.97
39.21
37.8
36.17
35.35
34.53
34.01
33.04
30.82
28.59
28.17
27.35
26.53
26.11
25.69
25.27
24.85
24.43
24.01
23.7
22.73
21.31
19.88
19.46
19.04
18.62
18.2
17.78
17.36
16.94
16.52
16.1
15.68
15.26
14.84
14.74
14.49
14.24
12.85
9.81
7.5
6.41
5.57
4.73
3.89
3.05
2.21
1.37
0.53
0.11
-0.2
n=13
99.65
99.4
98.64
96.22
92.89
91.27
89.69
88.67
87.54
86.87
86.45
86.03
85.61
85.19
84.77
84.35
83.93
83.51
83.09
82.67
82.25
81.83
81.73
80.76
77.74
74.71
74.29
73.87
73.45
73.03
72.61
72.19
71.77
71.35
71.14
70.72
69.1
67.48
67.06
66.64
66.22
65.8
65.38
64.96
64.65
63.68
61.46
59.23
58.61
57.99
57.57
57.15
56.94
56.52
55.1
53.68
53.26
52.84
52.42
52.0
51.69
50.93
48.51
44.93
43.31
41.73
40.71
39.68
39.37
38.91
37.25
35.38
34.31
32.94
32.07
31.2
26.67
24.0
23.03
21.76
20.49
19.62
18.65
17.78
16.81
15.94
15.07
14.31
13.44
11.16
9.29
8.42
7.45
6.58
5.71
4.84
3.87
3.0
2.03
1.16
0.29
-0.58
n=14
99.65
99.4
98.64
96.22
92.89
91.27
89.94
88.92
87.79
87.12
86.7
86.28
85.86
85.44
85.02
84.6
84.18
83.76
83.34
82.92
82.5
82.08
81.98
81.01
77.99
74.96
74.54
74.12
73.7
73.28
72.86
72.44
72.02
71.6
71.39
70.97
69.35
67.73
67.31
66.89
66.47
66.05
65.63
65.21
64.9
63.93
61.71
59.18
58.56
57.83
57.16
56.74
56.53
56.11
54.69
53.27
52.85
52.43
52.01
51.59
51.28
50.52
48.1
44.52
42.9
41.32
40.3
39.27
38.96
38.5
36.84
34.67
33.85
33.02
32.6
32.18
29.96
27.74
27.32
26.5
25.68
25.26
24.84
24.42
24.0
23.58
23.16
22.85
21.88
20.46
19.03
18.61
18.19
17.77
17.35
16.93
16.51
16.09
15.67
15.25
14.83
14.41
13.99
13.89
13.64
13.39
12.0
8.96
6.65
5.56
4.72
3.88
3.04
2.2
1.36
0.52
-0.32
n=15
99.65
99.1
98.44
92.47
89.0
86.0
84.43
82.34
80.87
79.9
79.03
78.16
77.19
76.32
75.35
74.48
73.61
72.64
71.77
70.9
70.03
69.36
68.81
67.94
62.3
58.83
57.86
56.99
56.12
55.25
54.28
53.41
52.54
51.67
50.91
50.04
47.35
45.28
44.41
43.44
42.57
41.7
40.83
40.16
39.4
38.53
33.38
30.61
29.23
28.16
27.29
26.42
25.66
24.79
22.3
20.33
19.46
18.59
17.72
17.05
16.29
15.63
9.66
6.19
3.19
1.62
-0.78
