n=1
99.35
95.45
87.87
77.58
71.22
66.4
58.62
52.74
50.48
49.03
47.58
46.33
45.08
43.83
42.58
41.33
40.08
38.83
37.58
36.33
35.08
33.83
32.58
31.33
30.08
28.83
27.58
26.33
25.08
23.83
22.58
21.33
20.08
18.83
17.58
16.33
15.08
13.83
12.58
11.33
10.08
8.83
7.58
6.54
5.5
4.46
3.42
2.38
1.34
0.3
-0.74
n=2
99.35
95.45
88.8
79.34
72.63
69.29
63.24
58.18
56.13
54.88
53.63
52.58
51.53
50.48
49.43
48.38
47.33
46.28
45.23
44.18
43.13
42.08
41.03
39.98
38.93
37.88
36.83
35.78
34.73
33.68
32.63
31.58
30.53
29.48
28.43
27.38
26.33
25.28
24.23
23.18
22.13
21.08
20.03
19.19
18.35
17.51
16.67
15.83
14.99
14.15
13.31
12.47
11.84
10.35
7.21
2.36
-0.49
n=3
99.35
95.45
88.49
78.72
72.01
68.67
62.62
57.56
55.51
54.26
53.01
51.96
50.91
49.86
48.81
47.76
46.71
45.66
44.61
43.56
42.51
41.46
40.41
39.36
38.31
37.26
36.21
35.16
34.11
33.06
32.01
30.96
29.91
28.86
27.81
26.76
25.71
24.66
23.61
22.56
21.51
20.46
19.41
18.57
17.73
16.89
16.05
15.21
14.37
13.53
12.69
11.85
11.22
9.73
6.59
1.74
-1.11
n=4
99.35
95.45
88.18
78.2
71.84
67.33
59.86
54.29
52.03
50.27
48.82
47.57
46.32
45.07
43.82
42.57
41.32
40.07
38.82
37.57
36.32
35.07
33.82
32.57
31.32
30.07
28.82
27.57
26.32
25.07
23.82
22.57
21.32
20.07
18.82
17.57
16.32
15.07
13.82
12.57
11.32
10.07
8.82
7.78
6.74
5.7
4.66
3.62
2.58
1.54
0.5
-0.54
n=5
99.35
95.45
88.8
79.34
72.63
69.29
63.24
58.18
56.13
54.88
53.63
52.58
51.53
50.48
49.43
48.38
47.33
46.28
45.23
44.18
43.13
42.08
41.03
39.98
38.93
37.88
36.83
35.78
34.73
33.68
32.63
31.58
30.53
29.48
28.43
27.38
26.33
25.28
24.23
23.18
22.13
21.08
20.03
19.19
18.35
17.51
16.67
15.83
14.99
14.15
13.31
12.47
11.84
10.35
7.21
2.36
-0.49
n=6
99.35
95.45
88.49
78.72
72.01
68.67
62.62
57.56
55.51
54.26
53.01
51.96
50.91
49.86
48.81
47.76
46.71
45.66
44.61
43.56
42.51
41.46
40.41
39.36
38.31
37.26
36.21
35.16
34.11
33.06
32.01
30.96
29.91
28.86
27.81
26.76
25.71
24.66
23.61
22.56
21.51
20.46
19.41
18.57
17.73
16.89
16.05
15.21
14.37
13.53
12.69
11.85
11.22
9.73
6.59
1.74
-1.41
n=7
99.35
95.45
88.49
78.72
72.01
68.36
61.35
56.29
54.23
52.98
51.73
50.68
49.63
48.58
47.53
46.48
45.43
44.38
43.33
42.28
41.23
40.18
39.13
38.08
37.03
35.98
34.93
33.88
32.83
31.78
30.73
29.68
28.63
27.58
26.53
25.48
24.43
23.38
22.33
21.28
20.23
19.18
18.13
17.29
16.45
15.61
14.77
13.93
13.09
12.25
11.41
10.57
9.29
7.7
2.81
-3.79
n=8
99.35
95.45
88.8
79.34
72.63
69.29
63.24
58.18
56.13
54.88
53.63
52.58
51.53
50.48
49.43
48.38
47.33
46.28
45.23
44.18
43.13
42.08
41.03
39.98
38.93
37.88
36.83
35.78
34.73
33.68
32.63
31.58
30.53
29.48
28.43
27.38
26.33
25.28
24.23
23.18
22.13
21.08
20.03
19.19
18.35
17.51
16.67
15.83
14.99
14.15
13.31
12.47
11.19
9.6
6.26
1.11
-2.29
n=9
99.35
95.45
88.49
78.72
72.01
68.36
61.35
55.74
53.14
51.34
49.54
47.94
46.34
44.74
43.14
41.54
39.94
38.34
36.74
35.14
33.54
31.94
30.34
28.74
27.14
25.54
23.94
22.34
20.74
19.14
17.54
15.94
14.34
12.74
11.14
9.54
7.94
6.34
4.74
3.14
1.54
-0.06
n=10
99.35
95.45
88.18
78.2
71.84
67.33
59.86
54.29
51.73
50.28
48.82
47.57
46.32
45.07
43.82
42.57
41.32
40.07
38.82
37.57
36.32
35.07
33.82
32.57
31.32
30.07
28.82
27.57
26.32
25.07
23.82
22.57
21.32
20.07
18.82
17.57
16.32
15.07
13.82
12.57
11.32
10.07
8.82
7.78
6.74
5.7
4.66
3.62
2.58
1.54
0.5
-0.54
n=11
99.35
95.45
88.8
79.34
72.63
69.29
63.24
58.18
56.13
54.88
53.63
52.58
51.53
50.48
49.43
48.38
47.33
46.28
45.23
44.18
43.13
42.08
41.03
39.98
38.93
37.88
36.83
35.78
34.73
33.68
32.63
31.58
30.53
29.48
28.43
27.38
26.33
25.28
24.23
23.18
22.13
21.08
20.03
19.19
18.35
17.51
16.67
15.83
14.99
14.15
13.31
12.47
11.19
9.6
5.95
0.49
-2.91
n=12
99.35
95.45
88.49
78.72
72.01
68.67
62.62
57.56
55.51
54.26
53.01
51.96
50.91
49.86
48.81
47.76
46.71
45.66
44.61
43.56
42.51
41.46
40.41
39.36
38.31
37.26
36.21
35.16
34.11
33.06
32.01
30.96
29.91
28.86
27.81
26.76
25.71
24.66
23.61
22.56
21.51
20.46
19.41
18.57
17.73
16.89
16.05
15.21
14.37
13.53
12.69
11.85
10.57
8.98
4.4
-1.89
n=13
99.35
95.45
88.18
78.2
71.84
67.33
59.86
54.29
52.03
50.58
49.13
47.88
46.63
45.38
44.13
42.88
41.63
40.38
39.13
37.88
36.63
35.38
34.13
32.88
31.63
30.38
29.13
27.88
26.63
25.38
24.13
22.88
21.63
20.38
19.13
17.88
16.63
15.38
14.13
12.88
11.63
10.38
9.13
8.09
7.05
6.01
4.97
3.93
2.89
1.85
0.81
-0.23
n=14
99.35
95.45
88.8
79.34
72.63
69.29
63.24
58.18
56.13
54.88
53.63
52.58
51.53
50.48
49.43
48.38
47.33
46.28
45.23
44.18
43.13
42.08
41.03
39.98
38.93
37.88
36.83
35.78
34.73
33.68
32.63
31.58
30.53
29.48
28.43
27.38
26.33
25.28
24.23
23.18
22.13
21.08
20.03
19.19
18.35
17.51
16.67
15.83
14.99
14.15
13.31
12.47
11.84
10.35
7.21
2.36
-0.79
n=15
99.35
95.45
88.49
78.72
72.01
68.67
62.62
57.56
55.51
54.26
53.01
51.96
50.91
49.86
48.81
47.76
46.71
45.66
44.61
43.56
42.51
41.46
40.41
39.36
38.31
37.26
36.21
35.16
34.11
33.06
32.01
30.96
29.91
28.86
27.81
26.76
25.71
24.66
23.61
22.56
21.51
20.46
19.41
18.57
17.73
16.89
16.05
15.21
14.37
13.53
12.69
11.85
11.22
9.73
6.59
1.74
-1.41
