n=1
99.35
96.71
92.27
86.22
81.97
79.39
75.7
73.41
72.54
71.47
70.6
69.93
69.26
68.59
67.92
67.25
66.58
65.91
65.24
64.57
63.9
63.23
62.56
61.89
61.22
60.55
59.88
59.21
58.54
57.87
57.2
56.53
55.86
55.19
54.52
53.85
53.18
52.51
51.84
51.17
50.5
49.83
49.16
48.49
47.82
47.15
46.48
45.81
45.14
44.47
43.8
43.13
42.46
41.79
41.12
40.45
39.78
39.11
38.44
37.77
37.1
36.43
35.76
35.09
34.42
33.75
33.08
32.41
31.74
31.07
30.4
29.73
29.06
28.39
27.72
27.05
26.38
25.71
25.04
24.37
23.7
23.03
22.36
21.69
21.02
19.95
17.94
14.73
10.41
6.28
2.17
-2.14
n=2
99.35
96.71
90.72
83.22
79.07
75.35
70.23
67.75
66.68
65.41
64.34
63.47
62.6
61.73
60.86
59.99
59.12
58.25
57.38
56.51
55.64
54.77
53.9
53.03
52.16
51.29
50.42
49.55
48.68
47.81
46.94
46.07
45.2
44.33
43.46
42.59
41.72
40.85
39.98
39.11
38.24
37.37
36.5
35.63
34.76
33.89
33.02
32.15
31.28
30.41
29.54
28.67
27.8
26.93
26.06
25.19
24.32
23.45
22.58
21.71
20.84
19.97
19.1
18.23
17.36
16.49
15.62
14.75
13.88
13.01
12.14
11.27
10.4
9.53
8.66
7.79
6.92
6.05
5.18
4.31
3.44
2.57
1.7
0.83
-0.04
n=3
99.35
96.71
92.27
86.22
81.97
79.39
75.7
73.41
72.54
71.47
70.6
69.93
69.26
68.59
67.92
67.25
66.58
65.91
65.24
64.57
63.9
63.23
62.56
61.89
61.22
60.55
59.88
59.21
58.54
57.87
57.2
56.53
55.86
55.19
54.52
53.85
53.18
52.51
51.84
51.17
50.5
49.83
49.16
48.49
47.82
47.15
46.48
45.81
45.14
44.47
43.8
43.13
42.46
41.79
41.12
40.45
39.78
39.11
38.44
37.77
37.1
36.43
35.76
35.09
34.42
33.75
33.08
32.41
31.74
31.07
30.4
29.73
29.06
28.39
27.72
27.05
26.38
25.71
25.04
24.37
23.7
23.03
22.36
21.69
21.02
19.95
17.94
14.42
9.88
5.54
1.22
-3.5
n=4
99.35
96.71
91.96
85.6
81.35
78.46
74.46
72.17
70.99
69.61
68.74
68.07
67.4
66.73
66.06
65.39
64.72
64.05
63.38
62.71
62.04
61.37
60.7
60.03
59.36
58.69
58.02
57.35
56.68
56.01
55.34
54.67
54.0
53.33
52.66
51.99
51.32
50.65
49.98
49.31
48.64
47.97
47.3
46.63
45.96
45.29
44.62
43.95
43.28
42.61
41.94
41.27
40.6
39.93
39.26
38.59
37.92
37.25
36.58
35.91
35.24
34.57
33.9
33.23
32.56
31.89
31.22
30.55
29.88
29.21
28.54
27.87
27.2
26.53
25.86
25.19
24.52
23.85
23.18
22.51
21.84
21.17
20.5
19.83
19.16
18.09
16.08
12.56
8.22
4.08
-0.34
n=5
99.35
96.71
92.27
86.22
81.97
79.39
75.7
73.41
72.54
71.47
70.6
69.93
69.26
68.59
67.92
67.25
66.58
65.91
65.24
64.57
63.9
63.23
62.56
61.89
61.22
60.55
59.88
59.21
58.54
57.87
57.2
56.53
55.86
55.19
54.52
53.85
53.18
52.51
51.84
51.17
50.5
49.83
49.16
48.49
47.82
47.15
46.48
45.81
45.14
44.47
43.8
43.13
42.46
41.79
41.12
40.45
39.78
39.11
38.44
37.77
37.1
36.43
35.76
35.09
34.42
33.75
33.08
32.41
31.74
31.07
30.4
29.73
29.06
28.39
27.72
27.05
26.38
25.71
25.04
24.37
23.7
23.03
22.36
21.69
21.02
20.35
18.84
15.73
11.51
7.49
3.38
-0.83
n=6
99.35
96.71
92.27
86.22
81.97
79.39
75.7
73.41
72.54
71.47
70.6
69.93
69.26
68.59
67.92
67.25
66.58
65.91
65.24
64.57
63.9
63.23
62.56
61.89
61.22
60.55
59.88
59.21
58.54
57.87
57.2
56.53
55.86
55.19
54.52
53.85
53.18
52.51
51.84
51.17
50.5
49.83
49.16
48.49
47.82
47.15
46.48
45.81
45.14
44.47
43.8
43.13
42.46
41.79
41.12
40.45
39.78
39.11
38.44
37.77
37.1
36.43
35.76
35.09
34.42
33.75
33.08
32.41
31.74
31.07
30.4
29.73
29.06
28.39
27.72
27.05
26.38
25.71
25.04
24.37
23.7
23.03
22.36
21.69
21.02
20.35
18.84
15.42
11.2
7.18
3.06
-1.46
n=7
99.35
96.71
92.27
86.22
81.97
79.39
75.7
73.41
72.54
71.47
70.6
69.93
69.26
68.59
67.92
67.25
66.58
65.91
65.24
64.57
63.9
63.23
62.56
61.89
61.22
60.55
59.88
59.21
58.54
57.87
57.2
56.53
55.86
55.19
54.52
53.85
53.18
52.51
51.84
51.17
50.5
49.83
49.16
48.49
47.82
47.15
46.48
45.81
45.14
44.47
43.8
43.13
42.46
41.79
41.12
40.45
39.78
39.11
38.44
37.77
37.1
36.43
35.76
35.09
34.42
33.75
33.08
32.41
31.74
31.07
30.4
29.73
29.06
28.39
27.72
27.05
26.38
25.71
25.04
24.37
23.7
23.03
22.36
21.69
21.02
19.95
17.94
14.42
9.88
5.54
1.22
-3.5
n=8
99.35
96.71
92.27
86.12
81.67
78.89
74.9
72.31
71.14
70.06
69.18
68.51
67.84
67.17
66.5
65.83
65.16
64.49
63.82
63.15
62.48
61.81
61.14
60.47
59.8
59.13
58.46
57.79
57.12
56.45
55.78
55.11
54.44
53.77
53.1
52.43
51.76
51.09
50.42
49.75
49.08
48.41
47.74
47.07
46.4
45.73
45.06
44.39
43.72
43.05
42.38
41.71
41.04
40.37
39.7
39.03
38.36
37.69
37.02
36.35
35.68
35.01
34.34
33.67
33.0
32.33
31.66
30.99
30.32
29.65
28.98
28.31
27.64
26.97
26.3
25.63
24.96
24.29
23.62
22.95
22.28
21.61
20.94
20.27
19.6
18.53
16.52
13.0
8.56
4.53
0.22
-4.4
n=9
99.35
96.71
91.34
84.46
80.31
77.21
72.71
70.23
69.16
67.89
66.82
65.95
65.08
64.21
63.34
62.47
61.6
60.73
59.86
58.99
58.12
57.25
56.38
55.51
54.64
53.77
52.9
52.03
51.16
50.29
49.42
48.55
47.68
46.81
45.94
45.07
44.2
43.33
42.46
41.59
40.72
39.85
38.98
38.11
37.24
36.37
35.5
34.63
33.76
32.89
32.02
31.15
30.28
29.41
28.54
27.67
26.8
25.93
25.06
24.19
23.32
22.45
21.58
20.71
19.84
18.97
18.1
17.23
16.36
15.49
14.62
13.75
12.88
12.01
11.14
10.27
9.4
8.53
7.66
6.79
5.92
5.05
4.18
3.31
2.44
1.37
-0.64
