n=1
99.35
97.76
95.37
92.37
90.17
88.61
86.54
85.27
84.81
84.35
83.89
83.43
82.97
82.51
82.05
81.59
81.13
80.67
80.21
79.75
79.29
78.83
78.37
77.91
77.45
76.99
76.53
76.07
75.61
75.15
74.69
74.23
73.77
73.31
72.85
72.39
71.93
71.47
71.01
70.55
70.09
69.63
69.17
68.71
68.25
67.79
67.33
66.87
66.41
65.95
65.49
65.03
64.57
64.11
63.65
63.19
62.73
62.27
61.81
61.35
60.89
60.43
59.97
59.51
59.05
58.59
58.13
57.67
57.21
56.75
56.29
55.83
55.37
54.91
54.45
53.99
53.53
53.07
52.61
52.15
51.69
51.23
50.77
50.31
49.85
49.39
48.93
48.47
48.01
47.55
47.09
46.63
46.17
45.71
45.25
44.79
44.33
43.87
43.41
42.95
42.49
42.03
41.57
41.11
40.65
40.19
39.73
39.27
38.81
38.35
37.89
37.43
36.97
36.51
36.05
35.59
35.13
34.67
34.21
33.75
33.29
32.83
32.37
31.91
31.45
30.99
30.53
30.07
29.61
29.15
28.69
27.83
26.45
24.16
21.46
19.67
18.0
16.02
14.95
14.49
14.03
13.57
13.11
12.65
12.19
11.73
11.27
10.81
10.35
9.89
9.43
8.97
8.51
8.05
7.59
7.13
6.67
5.81
4.64
2.76
0.47
-1.82
n=2
99.35
97.76
95.37
92.37
90.17
88.61
86.54
85.27
84.81
84.35
83.89
83.43
82.97
82.51
82.05
81.59
81.13
80.67
80.21
79.75
79.29
78.83
78.37
77.91
77.45
76.99
76.53
76.07
75.61
75.15
74.69
74.23
73.77
73.31
72.85
72.39
71.93
71.47
71.01
70.55
70.09
69.63
69.17
68.71
68.25
67.79
67.33
66.87
66.41
65.95
65.49
65.03
64.57
64.11
63.65
63.19
62.73
62.27
61.81
61.35
60.89
60.43
59.97
59.51
59.05
58.59
58.13
57.67
57.21
56.75
56.29
55.83
55.37
54.91
54.45
53.99
53.53
53.07
52.61
52.15
51.69
51.23
50.77
50.31
49.85
49.39
48.93
48.47
48.01
47.55
47.09
46.63
46.17
45.71
45.25
44.79
44.33
43.87
43.41
42.95
42.49
42.03
41.57
41.11
40.65
40.19
39.73
39.27
38.81
38.35
37.89
37.43
36.97
36.51
36.05
35.59
35.13
34.67
34.21
33.75
33.29
32.83
32.37
31.91
31.45
30.99
30.53
30.07
29.61
29.15
28.69
27.83
26.45
24.47
22.08
20.29
18.93
17.26
16.19
15.73
15.27
14.81
14.35
13.89
13.43
12.97
12.51
12.05
11.59
11.13
10.67
10.21
9.75
9.29
8.83
8.37
7.91
7.05
5.88
4.0
1.71
-0.58
n=3
99.35
97.76
95.06
91.75
89.55
87.68
85.3
84.03
83.57
83.11
82.65
82.19
81.73
81.27
80.81
80.35
79.89
79.43
78.97
78.51
78.05
77.59
77.13
76.67
76.21
75.75
75.29
74.83
74.37
73.91
73.45
72.99
72.53
72.07
71.61
71.15
70.69
70.23
69.77
69.31
68.85
68.39
67.93
67.47
67.01
66.55
66.09
65.63
65.17
64.71
64.25
63.79
63.33
62.87
62.41
61.95
61.49
61.03
60.57
60.11
59.65
59.19
58.73
58.27
57.81
57.35
56.89
56.43
55.97
55.51
55.05
54.59
54.13
53.67
53.21
52.75
52.29
51.83
51.37
50.91
50.45
49.99
49.53
49.07
48.61
48.15
47.69
47.23
46.77
46.31
45.85
45.39
44.93
44.47
44.01
43.55
43.09
42.63
42.17
41.71
41.25
40.79
40.33
39.87
39.41
38.95
38.49
38.03
37.57
37.11
36.65
36.19
35.73
35.27
34.81
34.35
33.89
33.43
32.97
32.51
32.05
31.59
31.13
30.67
30.21
29.75
29.29
28.83
28.37
27.91
27.45
26.59
25.21
22.61
19.5
17.51
15.33
12.84
11.57
10.91
10.25
9.59
8.93
8.27
7.61
6.95
6.29
5.63
4.97
4.31
3.65
2.99
2.33
1.67
1.01
0.35
-0.31
n=4
99.35
97.76
94.44
90.41
88.01
85.32
82.12
80.65
79.99
79.33
78.67
78.01
77.35
76.69
76.03
75.37
74.71
74.05
73.39
72.73
72.07
71.41
70.75
70.09
69.43
68.77
68.11
67.45
66.79
66.13
65.47
64.81
64.15
63.49
62.83
62.17
61.51
60.85
60.19
59.53
58.87
58.21
57.55
56.89
56.23
55.57
54.91
54.25
53.59
52.93
52.27
51.61
50.95
50.29
49.63
48.97
48.31
47.65
46.99
46.33
45.67
45.01
44.35
43.69
43.03
42.37
41.71
41.05
40.39
39.73
39.07
38.41
37.75
37.09
36.43
35.77
35.11
34.45
33.79
33.13
32.47
31.81
31.15
30.49
29.83
29.17
28.51
27.85
27.19
26.53
25.87
25.21
24.55
23.89
23.23
22.57
21.91
21.25
20.59
19.93
19.27
18.61
17.95
17.29
16.63
15.97
15.31
14.65
13.99
13.33
12.67
12.01
11.35
10.69
10.03
9.37
8.71
8.05
7.39
6.73
6.07
5.41
4.75
4.09
3.43
2.77
2.11
1.45
0.79
0.13
-0.53
