n=1
99.65
99.1
98.44
96.15
94.89
94.23
93.57
92.81
92.15
91.49
90.83
90.07
89.41
88.75
87.99
87.33
86.67
86.01
85.25
84.59
83.83
83.17
82.51
81.75
81.09
80.43
79.77
79.31
78.76
78.1
75.91
74.65
73.89
73.23
72.57
71.81
71.15
70.39
69.73
68.97
68.31
67.65
66.89
66.23
65.57
64.81
64.15
63.49
62.73
62.07
61.41
60.75
59.99
59.33
58.57
57.91
57.25
56.49
55.83
55.07
54.41
53.75
52.99
52.33
51.67
50.91
50.25
49.59
48.93
48.17
47.51
46.85
46.09
45.43
44.77
44.11
43.65
43.1
42.44
40.25
38.89
38.23
37.57
36.81
36.15
35.49
34.83
34.07
33.41
32.65
31.99
31.23
30.57
29.91
29.25
28.79
28.24
27.58
25.39
24.03
23.37
22.71
22.05
21.59
21.04
20.38
18.19
16.93
16.27
15.51
14.85
14.19
13.53
12.77
12.11
11.45
10.69
10.03
9.37
8.71
7.95
7.29
6.63
5.97
5.21
4.55
3.89
3.23
2.77
2.22
1.56
-0.63
n=2
99.65
99.4
98.64
97.83
97.01
96.8
96.59
96.38
96.17
95.96
95.75
95.54
95.33
95.12
94.91
94.7
94.49
94.28
94.07
93.86
93.65
93.44
93.23
93.02
92.81
92.6
92.39
92.18
92.08
91.32
90.51
89.69
89.48
89.27
89.06
88.85
88.64
88.43
88.22
88.01
87.8
87.59
87.38
87.17
86.96
86.75
86.54
86.33
86.12
85.91
85.7
85.49
85.28
85.07
84.86
84.65
84.44
84.23
84.02
83.81
83.6
83.39
83.18
82.97
82.76
82.55
82.34
82.13
81.92
81.71
81.5
81.29
81.08
80.87
80.66
80.45
80.24
80.14
79.38
78.57
77.75
77.54
77.33
77.12
76.91
76.7
76.49
76.28
76.07
75.86
75.65
75.44
75.23
75.02
74.81
74.6
74.5
73.74
72.93
72.11
71.9
71.69
71.48
71.27
71.17
70.41
69.6
68.78
68.57
68.36
68.15
67.94
67.73
67.52
67.31
67.1
66.89
66.68
66.47
66.26
66.05
65.84
65.63
65.42
65.21
65.0
64.79
64.58
64.37
64.27
63.51
62.7
61.88
61.78
61.53
61.28
61.03
60.48
59.82
58.04
56.98
56.32
55.66
54.9
54.24
53.58
52.92
52.46
51.91
51.25
49.47
48.41
47.75
47.09
46.33
45.67
44.91
44.25
43.59
42.83
42.17
41.41
40.75
40.09
39.43
38.97
38.42
37.76
36.08
35.02
34.36
33.6
32.94
32.28
31.62
30.86
30.2
29.54
28.88
28.42
27.87
27.21
25.53
24.47
23.71
23.05
22.39
21.63
20.97
20.31
19.65
19.19
18.64
17.98
16.2
15.14
14.38
13.72
13.06
12.4
11.94
11.39
10.73
9.05
7.99
7.23
6.57
5.91
5.25
4.79
4.24
3.58
1.9
0.84
0.08
-0.58
n=3
99.65
99.4
98.64
97.83
97.01
96.8
96.59
96.38
96.17
95.96
95.75
95.54
95.33
95.12
94.91
94.7
94.49
94.28
94.07
93.86
93.65
93.44
93.23
93.02
92.81
92.6
92.39
92.18
92.08
91.32
90.51
89.69
89.48
89.27
89.06
88.85
88.64
88.43
88.22
88.01
87.8
87.59
87.38
87.17
86.96
86.75
86.54
86.33
86.12
85.91
85.7
85.49
85.28
85.07
84.86
84.65
84.44
84.23
84.02
83.81
83.6
83.39
83.18
82.97
82.76
82.55
82.34
82.13
81.92
81.71
81.5
81.29
81.08
80.87
80.66
80.45
80.24
80.14
79.38
78.57
77.75
77.54
77.33
77.12
76.91
76.7
76.49
76.28
76.07
75.86
75.65
75.44
75.23
75.02
74.81
74.6
74.5
73.74
72.93
72.11
71.9
71.69
71.48
71.27
71.17
70.41
69.6
68.78
68.57
68.36
68.15
67.94
67.73
67.52
67.31
67.1
66.89
66.68
66.47
66.26
66.05
65.84
65.63
65.42
65.21
65.0
64.79
64.58
64.37
64.27
63.51
62.7
61.88
61.78
61.53
61.28
61.03
60.78
60.02
59.41
58.79
58.58
58.37
58.16
57.95
57.74
57.53
57.32
57.22
56.46
55.85
55.23
55.02
54.81
54.6
54.39
54.18
53.97
53.76
53.55
53.34
53.13
52.92
52.71
52.5
52.29
52.19
51.43
50.82
50.2
49.99
49.78
49.57
49.36
49.15
48.94
48.73
48.52
48.31
48.1
48.0
47.24
46.63
46.01
45.8
45.59
45.38
45.17
44.96
44.75
44.54
44.33
44.23
43.47
42.86
42.24
42.03
41.82
41.61
41.4
41.19
41.09
40.33
39.72
39.1
38.89
38.68
38.47
38.26
38.05
37.95
37.19
36.58
35.96
35.75
35.54
35.33
35.23
34.98
34.43
33.77
32.6
31.74
30.98
30.32
29.56
28.9
28.24
27.58
26.82
26.16
25.5
24.84
24.38
23.83
23.17
21.9
21.04
20.38
19.62
18.96
18.2
17.54
16.88
16.22
15.76
15.21
14.55
13.38
12.52
11.76
11.1
10.44
9.78
9.02
8.36
7.7
6.94
6.28
5.52
4.86
4.2
3.54
2.78
2.12
1.46
0.7
0.04
-0.72
n=4
99.65
99.4
98.64
97.83
97.01
96.8
96.59
96.38
96.17
95.96
95.75
95.54
95.33
95.12
94.91
94.7
94.49
94.28
94.07
93.86
93.65
93.44
93.23
93.02
92.81
92.6
92.39
92.18
92.08
91.32
90.51
89.69
89.48
89.27
89.06
88.85
88.64
88.43
88.22
88.01
87.8
87.59
87.38
87.17
86.96
86.75
86.54
86.33
86.12
85.91
85.7
85.49
85.28
85.07
84.86
84.65
84.44
84.23
84.02
83.81
83.6
83.39
83.18
82.97
82.76
82.55
82.34
82.13
81.92
81.71
81.5
81.29
81.08
80.87
80.66
80.45
80.24
80.14
79.38
78.57
77.75
77.54
77.33
77.12
76.91
76.7
76.49
76.28
76.07
75.86
75.65
75.44
75.23
75.02
74.81
74.6
74.5
73.74
72.93
72.11
71.9
71.69
71.48
71.27
71.17
70.41
69.6
68.78
68.57
68.36
68.15
67.94
67.73
67.52
67.31
67.1
66.89
66.68
66.47
66.26
66.05
65.84
65.63
65.42
65.21
65.0
64.79
64.58
64.37
64.27
63.51
62.7
61.88
61.78
61.53
61.28
61.03
60.78
60.02
59.41
58.79
58.58
58.37
58.16
57.95
57.74
57.53
57.32
57.22
56.46
55.85
55.23
55.02
54.81
54.6
54.39
54.18
53.97
53.76
53.55
53.34
53.13
52.92
52.71
52.5
52.29
52.19
51.43
50.82
50.2
49.99
49.78
49.57
49.36
49.15
48.94
48.73
48.52
48.31
48.1
48.0
47.24
46.63
46.01
45.8
45.59
45.38
45.17
44.96
44.75
44.54
44.33
44.23
43.47
42.86
42.24
42.03
41.82
41.61
41.4
41.19
41.09
40.33
39.72
39.1
38.89
38.68
38.47
38.26
38.05
37.95
37.19
36.58
35.96
35.75
35.54
35.33
35.23
34.98
34.73
33.97
33.56
33.14
32.93
32.72
32.51
32.3
32.09
31.88
31.67
31.46
31.25
31.04
30.83
30.73
29.97
29.56
29.14
28.93
28.72
28.51
28.3
28.09
27.88
27.67
27.46
27.36
26.6
26.19
25.77
25.56
25.35
25.14
24.93
24.72
24.51
24.3
24.09
23.88
23.67
23.46
23.25
23.04
22.83
22.62
22.41
22.2
21.99
21.78
21.57
21.47
21.22
20.97
20.72
20.47
19.92
19.26
18.5
17.84
17.18
16.52
15.76
15.1
14.44
13.78
13.02
12.36
11.6
10.94
10.18
9.52
8.86
8.2
7.74
7.19
6.53
5.87
5.21
4.75
4.2
3.54
2.88
2.22
1.46
0.8
0.14
-0.52
