n=1
99.35
96.71
92.52
86.72
82.47
80.15
76.12
71.69
67.2
64.76
63.23
62.01
60.78
59.96
59.14
58.32
57.5
56.68
55.86
55.04
54.22
53.4
52.58
51.76
50.94
50.12
49.3
48.48
47.66
46.84
46.02
45.2
44.38
43.56
42.74
41.92
41.1
40.28
39.46
38.64
37.82
37.0
36.18
35.36
34.54
33.72
32.9
32.08
31.67
30.86
29.45
28.64
28.43
27.78
25.56
21.88
16.99
13.56
11.54
7.96
4.95
2.29
-0.98
n=2
99.35
96.71
90.97
83.72
79.82
76.36
71.5
67.17
62.22
58.67
56.94
55.21
53.48
52.15
50.82
49.49
48.16
46.83
45.5
44.17
42.84
41.51
40.18
38.85
37.52
36.19
34.86
33.53
32.2
30.87
29.54
28.21
26.88
25.55
24.22
22.89
21.56
20.23
18.9
17.57
16.24
14.91
13.58
12.25
10.92
9.59
8.26
6.93
5.87
3.58
0.69
-0.67
n=3
99.35
96.71
92.52
86.72
82.47
80.15
76.12
71.12
67.28
64.85
63.63
62.41
61.19
60.37
59.55
58.73
57.91
57.09
56.27
55.45
54.63
53.81
52.99
52.17
51.35
50.53
49.71
48.89
48.07
47.25
46.43
45.61
44.79
43.97
43.15
42.33
41.51
40.69
39.87
39.05
38.23
37.41
36.59
35.77
34.95
34.13
33.31
32.49
32.08
31.27
29.86
29.05
28.84
28.19
25.97
22.29
17.4
13.97
11.95
8.37
5.36
2.7
-0.57
n=4
99.35
96.71
92.21
86.1
81.85
79.22
74.88
70.45
65.96
63.52
61.99
60.77
59.54
58.72
57.9
57.08
56.26
55.44
54.62
53.8
52.98
52.16
51.34
50.52
49.7
48.88
48.06
47.24
46.42
45.6
44.78
43.96
43.14
42.32
41.5
40.68
39.86
39.04
38.22
37.4
36.58
35.76
34.94
34.12
33.3
32.48
31.66
30.84
30.43
29.62
28.21
27.4
27.19
26.54
24.32
20.33
15.23
12.15
9.47
5.69
2.89
0.49
-2.71
n=5
99.35
96.71
92.52
86.72
82.47
80.15
76.72
72.89
68.45
66.03
64.81
63.59
62.37
61.55
60.73
59.91
59.09
58.27
57.45
56.63
55.81
54.99
54.17
53.35
52.53
51.71
50.89
50.07
49.25
48.43
47.61
46.79
45.97
45.15
44.33
43.51
42.69
41.87
41.05
40.23
39.41
38.59
37.77
36.95
36.13
35.31
34.49
33.67
32.61
31.5
30.08
29.26
29.05
28.4
26.18
22.81
18.23
14.8
13.09
10.47
8.21
6.36
3.71
1.86
1.21
0.24
-0.52
n=6
99.35
96.71
92.52
86.72
82.47
79.84
76.41
72.58
68.14
65.72
64.5
63.28
62.06
61.24
60.42
59.6
58.78
57.96
57.14
56.32
55.5
54.68
53.86
53.04
52.22
51.4
50.58
49.76
48.94
48.12
47.3
46.48
45.66
44.84
44.02
43.2
42.38
41.56
40.74
39.92
39.1
38.28
37.46
36.64
35.82
35.0
34.18
33.36
32.3
31.19
29.77
28.95
28.74
28.09
25.87
22.19
17.3
13.87
11.85
8.27
5.26
2.6
-0.67
n=7
99.35
96.71
92.52
86.72
82.47
80.15
76.12
71.12
67.28
64.85
63.63
62.41
61.19
60.37
59.55
58.73
57.91
57.09
56.27
55.45
54.63
53.81
52.99
52.17
51.35
50.53
49.71
48.89
48.07
47.25
46.43
45.61
44.79
43.97
43.15
42.33
41.51
40.69
39.87
39.05
38.23
37.41
36.59
35.77
34.95
34.13
33.31
32.49
32.08
31.27
29.86
29.05
28.84
28.19
25.97
22.29
17.4
13.97
11.95
8.37
5.36
2.7
-0.57
n=8
99.35
96.71
92.52
86.72
82.47
80.15
76.07
71.62
67.79
65.37
64.15
62.93
61.71
60.89
60.07
59.25
58.43
57.61
56.79
55.97
55.15
54.33
53.51
52.69
51.87
51.05
50.23
49.41
48.59
47.77
46.95
46.13
45.31
44.49
43.67
42.85
42.03
41.21
40.39
39.57
38.75
37.93
37.11
36.29
35.47
34.65
33.83
33.01
31.95
30.84
29.42
28.6
28.39
27.74
25.52
21.84
16.95
13.52
11.81
9.19
6.93
5.08
2.43
0.58
-0.07
n=9
99.35
96.71
91.59
84.96
80.76
77.92
73.02
67.77
63.19
60.01
58.03
55.43
53.45
51.87
50.29
48.71
47.13
45.55
43.97
42.39
40.81
39.23
37.65
36.07
34.49
32.91
31.33
29.75
28.17
26.59
25.01
23.43
21.85
20.27
18.69
17.11
15.53
13.95
12.37
10.79
9.21
7.63
6.05
4.47
2.89
1.31
-0.27
