n=1
99.65
99.4
98.64
96.83
95.01
94.6
94.19
93.98
93.77
93.56
93.46
92.7
90.89
89.07
88.66
88.25
87.84
87.43
87.22
87.01
86.8
86.59
86.38
86.17
85.96
85.75
85.54
85.33
85.12
84.91
84.7
84.49
84.28
84.07
83.86
83.76
83.0
81.19
79.37
78.96
78.55
78.14
77.73
77.52
77.31
77.1
76.89
76.68
76.47
76.26
76.05
75.95
75.19
73.38
71.56
71.15
70.74
70.53
70.32
70.11
69.9
69.69
69.48
69.27
69.06
68.85
68.64
68.43
68.22
68.12
67.36
65.55
63.73
63.32
62.91
62.7
62.49
62.28
62.07
61.86
61.65
61.44
61.23
61.02
60.81
60.6
60.39
60.18
59.97
59.76
59.55
59.34
59.13
58.92
58.71
58.5
58.4
57.64
55.83
54.01
53.91
53.66
53.41
52.44
51.01
49.37
48.54
47.91
47.28
46.86
46.23
45.2
44.17
43.54
42.91
42.28
41.65
41.02
40.5
39.32
38.29
37.25
36.62
35.99
35.36
34.73
34.1
33.47
33.05
32.42
31.59
30.76
30.13
29.5
28.87
28.24
27.61
26.98
26.35
25.72
25.09
24.67
24.04
23.21
22.7
21.52
20.09
18.65
18.34
18.09
17.84
17.08
16.27
15.45
15.24
14.82
14.4
13.98
13.56
13.14
12.83
11.86
10.84
9.81
9.39
9.08
8.83
8.37
7.4
6.78
5.94
5.31
4.89
4.47
4.05
3.63
3.21
2.9
2.65
2.4
2.15
1.6
0.94
0.28
-0.38
n=2
99.65
99.1
98.44
93.6
91.34
90.07
89.21
88.55
87.89
87.43
86.88
86.22
81.48
79.22
78.05
77.09
75.92
75.06
74.4
73.64
72.98
72.32
71.56
70.9
70.24
69.48
68.82
68.16
67.4
66.74
65.98
65.32
64.66
64.0
63.54
62.99
62.33
57.59
55.33
54.16
53.2
52.03
51.17
50.51
49.75
49.09
48.33
47.67
47.01
46.35
45.89
45.34
44.68
39.84
37.58
36.41
35.55
34.89
34.13
33.47
32.71
32.05
31.29
30.63
29.87
29.21
28.55
27.89
27.43
26.88
26.22
21.38
19.12
17.85
16.99
16.33
15.57
14.91
14.15
13.49
12.73
12.07
11.41
10.75
9.99
9.33
8.67
8.01
7.25
6.59
5.93
5.17
4.51
3.85
3.19
2.73
2.18
1.52
-3.32
n=3
99.65
99.4
98.64
96.83
95.01
94.6
94.19
93.98
93.77
93.56
93.46
92.7
90.89
89.07
88.66
88.25
87.84
87.43
87.22
87.01
86.8
86.59
86.38
86.17
85.96
85.75
85.54
85.33
85.12
84.91
84.7
84.49
84.28
84.07
83.86
83.76
83.0
81.19
79.37
78.96
78.55
78.14
77.73
77.52
77.31
77.1
76.89
76.68
76.47
76.26
76.05
75.95
75.19
73.38
71.56
71.15
70.74
70.53
70.32
70.11
69.9
69.69
69.48
69.27
69.06
68.85
68.64
68.43
68.22
68.12
67.36
65.55
63.73
63.32
62.91
62.7
62.49
62.28
62.07
61.86
61.65
61.44
61.23
61.02
60.81
60.6
60.39
60.18
59.97
59.76
59.55
59.34
59.13
58.92
58.71
58.5
58.4
57.64
55.83
54.01
53.91
53.66
53.41
52.44
50.56
48.17
46.89
45.71
44.63
43.66
42.58
41.1
39.62
38.44
37.36
36.28
35.2
34.02
33.15
31.97
30.49
29.01
27.93
26.75
25.67
24.59
23.51
22.63
21.66
20.58
18.99
17.71
16.53
15.45
14.27
13.19
12.01
10.93
9.85
8.77
7.89
6.92
5.84
4.15
3.29
2.21
0.23
-1.65
n=4
99.65
99.4
98.64
96.83
95.01
94.6
94.19
93.98
93.77
93.56
93.46
92.7
90.89
89.07
88.66
88.25
87.84
87.43
87.22
87.01
86.8
86.59
86.38
86.17
85.96
85.75
85.54
85.33
85.12
84.91
84.7
84.49
84.28
84.07
83.86
83.76
83.0
81.19
79.37
78.96
78.55
78.14
77.73
77.52
77.31
77.1
76.89
76.68
76.47
76.26
76.05
75.95
75.19
73.38
71.56
71.15
70.74
70.53
70.32
70.11
69.9
69.69
69.48
69.27
69.06
68.85
68.64
68.43
68.22
68.12
67.36
65.55
63.73
63.32
62.91
62.7
62.49
62.28
62.07
61.86
61.65
61.44
61.23
61.02
60.81
60.6
60.39
60.18
59.97
59.76
59.55
59.34
59.13
58.92
58.71
58.5
58.4
57.64
55.83
54.01
53.91
53.66
53.11
52.24
49.64
47.56
46.28
45.2
44.32
43.35
42.27
40.17
38.69
37.61
36.43
35.35
34.27
33.09
32.22
31.14
29.56
28.08
27.0
25.92
24.74
23.66
22.58
21.4
20.53
19.35
18.07
16.79
15.61
14.53
13.45
12.27
11.19
10.11
9.03
7.85
6.77
5.9
4.82
3.74
2.78
1.7
-1.11
n=5
99.65
99.4
98.64
96.83
95.01
94.6
94.19
93.98
93.77
93.56
93.46
92.7
90.89
89.07
88.66
88.25
87.84
87.43
87.22
87.01
86.8
86.59
86.38
86.17
85.96
85.75
85.54
85.33
85.12
84.91
84.7
84.49
84.28
84.07
83.86
83.76
83.0
81.19
79.37
78.96
78.55
78.14
77.73
77.52
77.31
77.1
76.89
76.68
76.47
76.26
76.05
75.95
75.19
73.38
71.56
71.15
70.74
70.53
70.32
70.11
69.9
69.69
69.48
69.27
69.06
68.85
68.64
68.43
68.22
68.12
67.36
65.55
63.73
63.32
62.91
62.7
62.49
62.28
62.07
61.86
61.65
61.44
61.23
61.02
60.81
60.6
60.39
60.18
59.97
59.76
59.55
59.34
59.13
58.92
58.71
58.5
58.4
57.64
55.83
54.01
53.91
53.66
53.41
52.44
51.01
49.37
48.54
47.91
47.28
46.76
45.58
44.55
43.51
42.88
42.25
41.62
40.99
40.36
39.94
39.31
38.28
37.25
36.62
35.99
35.36
34.73
34.1
33.47
33.05
32.42
31.59
30.76
30.13
29.5
28.87
28.24
27.61
26.98
26.35
25.72
25.09
24.67
24.04
23.21
22.7
21.52
20.09
18.65
18.34
18.09
17.84
17.08
16.27
15.45
15.24
14.82
14.4
13.98
13.56
13.14
12.83
11.86
10.84
9.81
9.39
9.08
8.83
8.37
7.7
6.53
5.25
4.17
3.2
2.33
1.36
0.49
-0.38
n=6
99.65
99.4
98.64
96.83
95.01
94.6
94.19
93.98
93.77
93.56
93.46
92.7
90.89
89.07
88.66
88.25
87.84
87.43
87.22
87.01
86.8
86.59
86.38
86.17
85.96
85.75
85.54
85.33
85.12
84.91
84.7
84.49
84.28
84.07
83.86
83.76
83.0
81.19
79.37
78.96
78.55
78.14
77.73
77.52
77.31
77.1
76.89
76.68
76.47
76.26
76.05
75.95
75.19
73.38
71.56
71.15
70.74
70.53
70.32
70.11
69.9
69.69
69.48
69.27
69.06
68.85
68.64
68.43
68.22
68.12
67.36
65.55
63.73
63.32
62.91
62.7
62.49
62.28
62.07
61.86
61.65
61.44
61.23
61.02
60.81
60.6
60.39
60.18
59.97
59.76
59.55
59.34
59.13
58.92
58.71
58.5
58.4
57.64
55.83
54.01
53.91
53.66
53.11
52.24
49.74
47.66
46.38
45.2
44.12
43.15
42.07
40.59
39.11
37.93
36.85
35.77
34.69
33.81
32.84
31.76
29.56
28.08
26.9
25.82
24.64
23.56
22.38
21.3
20.43
19.35
17.97
16.69
15.61
14.43
13.35
12.27
11.09
10.01
8.93
7.75
6.67
5.8
4.72
3.64
2.68
1.6
-0.59
n=7
99.65
99.4
98.64
96.83
95.01
94.6
94.19
93.98
93.77
93.56
93.46
92.7
90.89
89.07
88.66
88.25
87.84
87.43
87.22
87.01
86.8
86.59
86.38
86.17
85.96
85.75
85.54
85.33
85.12
84.91
84.7
84.49
84.28
84.07
83.86
83.76
83.0
81.19
79.37
78.96
78.55
78.14
77.73
77.52
77.31
77.1
76.89
76.68
76.47
76.26
76.05
75.95
75.19
73.38
71.56
71.15
70.74
70.53
70.32
70.11
69.9
69.69
69.48
69.27
69.06
68.85
68.64
68.43
68.22
68.12
67.36
65.55
63.73
63.32
62.91
62.7
62.49
62.28
62.07
61.86
61.65
61.44
61.23
61.02
60.81
60.6
60.39
60.18
59.97
59.76
59.55
59.34
59.13
58.92
58.71
58.5
58.4
57.64
55.83
54.01
53.91
53.66
53.41
52.74
50.76
49.13
48.29
47.66
47.03
46.61
45.98
44.95
43.92
43.29
42.66
42.03
41.4
40.77
40.35
39.72
38.69
37.66
37.03
36.4
35.77
35.14
34.51
33.88
33.36
32.18
31.35
30.51
29.88
29.25
28.62
27.99
27.36
26.73
26.1
25.47
24.84
24.32
23.14
22.31
21.89
21.26
19.83
18.4
18.19
18.09
17.84
17.38
16.32
15.26
14.5
13.63
12.76
11.79
10.92
10.05
9.39
8.42
6.95
5.48
4.61
4.15
3.6
2.94
2.07
1.0
-0.38
n=8
99.65
99.4
98.64
96.83
95.01
94.6
94.19
93.98
93.77
93.56
93.46
92.7
90.89
89.07
88.66
88.25
87.84
87.43
87.22
87.01
86.8
86.59
86.38
86.17
85.96
85.75
85.54
85.33
85.12
84.91
84.7
84.49
84.28
84.07
83.86
83.76
83.0
81.19
79.37
78.96
78.55
78.14
77.73
77.52
77.31
77.1
76.89
76.68
76.47
76.26
76.05
75.95
75.19
73.38
71.56
71.15
70.74
70.53
70.32
70.11
69.9
69.69
69.48
69.27
69.06
68.85
68.64
68.43
68.22
68.12
67.36
65.55
63.73
63.32
62.91
62.7
62.49
62.28
62.07
61.86
61.65
61.44
61.23
61.02
60.81
60.6
60.39
60.18
59.97
59.76
59.55
59.34
59.13
58.92
58.71
58.5
58.4
57.64
55.83
54.01
53.91
53.66
53.41
52.44
51.01
49.37
48.54
47.91
47.28
46.76
45.58
44.55
43.51
42.88
42.25
41.62
40.99
40.36
39.94
39.31
38.28
37.25
36.62
35.99
35.36
34.73
34.1
33.47
33.05
32.42
31.59
30.76
30.13
29.5
28.87
28.24
27.61
26.98
26.35
25.72
25.09
24.67
24.04
23.21
22.7
21.52
20.09
18.65
18.34
18.09
17.84
17.08
16.27
15.45
15.24
14.82
14.4
13.98
13.56
13.14
12.83
11.86
10.84
9.81
9.39
9.08
8.83
8.07
7.2
5.82
4.54
3.36
2.49
1.62
0.65
-0.22
n=9
99.65
99.4
98.64
96.83
94.71
94.3
93.88
93.67
93.46
93.25
93.15
92.39
90.58
88.46
88.05
87.08
86.67
86.25
86.04
85.83
85.62
85.41
85.2
84.99
84.78
84.57
84.36
84.15
83.94
83.73
83.52
83.31
83.1
82.89
82.68
82.58
81.82
80.01
77.64
77.23
76.26
75.85
75.43
75.22
75.01
74.8
74.59
74.38
74.17
73.96
73.75
73.65
72.89
71.08
68.96
68.55
68.03
67.57
67.36
67.15
66.94
66.73
66.52
66.31
66.1
65.89
65.68
65.47
65.26
65.16
64.4
62.59
60.22
59.81
59.39
59.18
58.97
58.76
58.55
58.34
58.13
57.92
57.71
57.5
57.29
57.08
56.87
56.66
56.45
56.24
56.03
55.82
55.61
55.4
55.19
54.98
54.88
54.12
52.31
50.24
49.99
49.74
49.49
48.52
47.09
45.45
44.62
43.99
43.36
42.94
42.31
41.28
40.25
39.62
38.99
38.36
37.73
37.1
36.58
35.4
34.37
33.33
32.7
32.07
31.44
30.81
30.18
29.55
29.13
28.5
27.67
26.84
26.21
25.58
24.95
24.32
23.69
23.06
22.43
21.8
21.17
20.75
20.12
19.29
18.78
17.6
16.17
14.73
14.42
14.17
13.62
12.96
10.77
9.51
8.85
7.88
7.01
6.14
5.27
4.6
3.84
2.97
0.47
-1.0
