n=1
99.35
95.45
86.94
75.72
68.96
63.48
55.18
48.41
42.36
35.89
31.55
28.01
25.07
22.24
18.99
16.85
15.02
13.08
11.25
9.31
7.37
5.54
3.6
1.77
-0.17
n=2
99.35
95.45
88.8
79.34
71.61
67.27
61.02
55.37
47.63
42.3
38.46
35.12
32.69
29.75
27.32
25.68
24.05
22.62
20.99
19.56
18.13
16.5
15.07
13.44
12.01
10.58
10.17
8.26
4.5
-1.17
n=3
99.35
95.45
88.49
78.72
71.61
66.65
60.4
53.51
48.28
43.25
39.42
36.39
33.96
31.33
28.9
27.27
25.64
24.21
22.58
21.15
19.72
18.09
16.66
15.03
13.6
12.17
11.76
9.85
6.09
0.42
-3.05
n=4
99.35
95.45
88.8
79.34
72.23
67.89
61.64
55.99
50.76
45.73
41.9
38.87
36.44
33.81
31.38
29.75
28.12
26.69
25.06
23.63
22.2
20.57
19.14
17.51
16.08
14.65
13.59
11.58
7.0
0.51
-3.16
n=5
99.35
95.45
88.8
79.34
72.23
67.89
61.64
55.99
50.76
45.73
41.9
38.87
36.44
33.81
31.38
29.75
28.12
26.69
25.06
23.63
22.2
20.57
19.14
17.51
16.08
14.65
14.24
12.33
8.57
2.9
-0.57
n=6
99.35
95.45
88.8
79.34
72.23
67.89
60.99
55.34
49.8
44.77
40.93
37.9
35.47
32.84
30.41
28.78
27.15
25.72
24.09
22.66
21.23
19.6
18.17
16.54
15.11
13.68
13.27
11.36
7.6
1.93
-1.54
n=7
99.35
95.45
88.8
79.34
72.23
67.89
61.64
55.99
50.76
45.73
41.9
38.87
36.44
33.81
31.38
29.75
28.12
26.69
25.06
23.63
22.2
20.57
19.14
17.51
16.08
14.65
13.59
11.58
7.62
1.65
-2.37
n=8
99.35
95.45
88.8
79.34
72.23
67.89
61.04
54.79
49.54
44.49
40.66
37.63
35.2
32.57
30.14
28.51
26.88
25.45
23.82
22.39
20.96
19.33
17.9
16.27
14.84
13.41
13.0
11.09
7.33
1.66
-1.81
n=9
99.35
95.45
87.56
76.96
69.9
64.73
56.7
50.56
43.9
38.06
33.46
28.97
25.41
21.65
19.01
16.87
15.04
13.1
10.65
9.02
7.08
5.25
3.31
0.86
-0.77
n=10
99.35
95.45
88.49
78.72
71.61
66.65
60.09
53.2
47.97
42.94
39.11
36.08
33.65
31.02
28.59
26.96
25.33
23.9
22.27
20.84
19.41
17.78
16.35
14.72
13.29
11.86
10.8
8.79
3.9
-2.9
n=11
99.35
95.45
88.8
79.34
72.23
67.89
61.04
54.79
48.89
43.84
39.7
36.67
33.93
31.3
28.86
27.23
25.6
24.17
22.54
21.11
19.68
18.05
16.62
14.99
13.56
12.13
11.07
9.06
5.1
-0.87
n=12
99.35
95.45
88.8
79.34
72.23
67.89
61.04
54.79
48.89
43.84
39.7
36.67
33.93
31.3
28.86
27.23
25.6
24.17
22.54
21.11
19.68
18.05
16.62
14.99
13.56
12.13
11.07
9.06
4.48
-2.01
n=13
99.35
95.45
88.18
78.2
71.44
65.93
58.57
52.12
45.46
38.32
33.34
29.49
26.86
22.78
20.15
18.01
15.56
13.93
11.79
10.16
8.22
5.77
4.14
2.0
0.37
-1.57
n=14
99.35
95.45
88.8
79.34
72.23
67.89
61.04
54.79
48.89
43.84
39.7
36.67
33.93
31.3
28.86
27.23
25.6
24.17
22.54
21.11
19.68
18.05
16.62
14.99
13.56
12.13
11.07
9.06
3.86
-3.25
n=15
99.35
95.45
88.49
78.22
70.86
65.64
58.77
52.57
47.04
40.78
35.72
32.12
28.77
25.58
21.97
19.73
17.22
14.87
12.67
10.06
8.02
5.51
3.16
0.96
-1.65
