n=1
99.65
99.4
98.64
96.63
94.61
94.0
93.39
92.78
92.17
91.96
91.55
91.14
90.93
90.72
90.51
90.3
90.09
89.88
89.67
89.46
89.25
89.04
88.94
88.18
86.17
84.15
83.54
82.93
82.32
81.71
81.5
81.29
81.08
80.87
80.66
80.45
80.35
79.59
77.58
75.56
74.95
74.34
74.13
73.72
73.31
73.1
72.89
72.68
72.47
72.26
72.05
71.84
71.63
71.42
71.21
71.0
70.79
70.58
70.48
69.72
67.71
65.69
65.08
64.47
64.26
63.85
63.44
63.23
63.02
62.81
62.6
62.39
62.18
61.97
61.76
61.66
60.9
58.89
56.87
56.26
55.65
55.04
54.43
54.22
54.12
53.87
53.62
52.65
50.43
48.52
47.85
47.43
47.01
46.59
46.17
45.75
45.33
44.91
44.49
44.07
43.65
43.23
42.81
42.39
41.97
41.55
41.13
40.71
40.29
39.87
39.45
39.03
38.61
38.19
37.77
37.35
36.93
36.51
36.09
35.67
35.25
34.83
34.41
33.99
33.57
33.15
32.73
32.31
31.89
31.47
31.05
30.63
30.21
29.79
29.37
29.27
29.02
28.77
27.8
25.98
24.47
23.8
23.38
22.96
22.54
22.12
21.7
21.28
20.86
20.44
20.02
19.6
19.18
18.76
18.34
17.92
17.5
17.08
16.66
16.24
15.82
15.4
14.98
14.67
14.42
14.17
13.41
12.4
11.38
11.17
10.96
10.75
10.54
10.33
10.12
10.02
9.26
8.25
7.23
7.02
6.92
6.67
6.42
5.66
5.05
4.43
4.22
4.01
3.8
3.7
2.94
2.53
2.53
2.53
2.23
2.03
2.03
2.03
1.73
1.53
1.53
1.53
1.23
1.03
1.03
1.03
0.73
0.53
0.53
0.53
0.23
0.03
0.03
0.03
-0.27
n=2
99.65
99.4
98.64
96.63
94.61
94.0
93.39
92.78
92.17
91.96
91.55
91.14
90.93
90.72
90.51
90.3
90.09
89.88
89.67
89.46
89.25
89.04
88.94
88.18
86.17
84.15
83.54
82.93
82.32
81.71
81.5
81.29
81.08
80.87
80.66
80.45
80.35
79.59
77.58
75.56
74.95
74.34
74.13
73.72
73.31
73.1
72.89
72.68
72.47
72.26
72.05
71.84
71.63
71.42
71.21
71.0
70.79
70.58
70.48
69.72
67.71
65.69
65.08
64.47
64.26
63.85
63.44
63.23
63.02
62.81
62.6
62.39
62.18
61.97
61.76
61.66
60.9
58.89
56.87
56.26
55.65
55.04
54.43
54.22
54.12
53.87
53.62
52.65
50.43
48.52
47.85
47.43
47.01
46.59
46.17
45.75
45.33
44.91
44.49
44.07
43.65
43.23
42.81
42.39
41.97
41.55
41.13
40.71
40.29
39.87
39.45
39.03
38.61
38.19
37.77
37.35
36.93
36.51
36.09
35.67
35.25
34.83
34.41
33.99
33.57
33.15
32.73
32.31
31.89
31.47
31.05
30.63
30.21
29.79
29.37
29.27
29.02
28.77
27.8
25.98
24.47
23.8
23.38
22.96
22.54
22.12
21.7
21.28
20.86
20.44
20.02
19.6
19.18
18.76
18.34
17.92
17.5
17.08
16.66
16.24
15.82
15.4
14.98
14.67
14.42
13.87
13.21
10.51
9.05
8.39
7.63
6.97
6.31
5.65
5.19
4.64
3.98
1.18
-0.28
n=4
99.65
99.4
98.64
96.63
94.61
94.0
93.39
92.78
92.17
91.96
91.55
91.14
90.93
90.72
90.51
90.3
90.09
89.88
89.67
89.46
89.25
89.04
88.94
88.18
86.17
84.15
83.54
82.93
82.32
81.71
81.5
81.29
81.08
80.87
80.66
80.45
80.35
79.59
77.58
75.56
74.95
74.34
74.13
73.72
73.31
73.1
72.89
72.68
72.47
72.26
72.05
71.84
71.63
71.42
71.21
71.0
70.79
70.58
70.48
69.72
67.71
65.69
65.08
64.47
64.26
63.85
63.44
63.23
63.02
62.81
62.6
62.39
62.18
61.97
61.76
61.66
60.9
58.89
56.87
56.26
55.65
55.04
54.43
54.22
54.12
53.87
53.32
52.15
48.38
46.17
45.1
44.03
42.96
41.89
40.82
39.75
38.68
37.61
36.54
35.47
34.4
33.33
32.26
31.19
30.12
29.05
27.98
26.91
25.84
24.77
23.7
22.63
21.56
20.49
19.42
18.35
17.28
16.21
15.14
14.07
13.0
11.93
10.86
9.79
8.72
7.65
6.58
5.51
4.44
3.37
2.3
1.23
0.16
-0.91
n=5
99.65
99.4
98.64
96.63
94.61
94.0
93.39
92.78
92.17
91.96
91.55
91.14
90.93
90.72
90.51
90.3
90.09
89.88
89.67
89.46
89.25
89.04
88.94
88.18
86.17
84.15
83.54
82.93
82.32
81.71
81.5
81.29
81.08
80.87
80.66
80.45
80.35
79.59
77.58
75.56
74.95
74.34
74.13
73.72
73.31
73.1
72.89
72.68
72.47
72.26
72.05
71.84
71.63
71.42
71.21
71.0
70.79
70.58
70.48
69.72
67.71
65.69
65.08
64.47
64.26
63.85
63.44
63.23
63.02
62.81
62.6
62.39
62.18
61.97
61.76
61.66
60.9
58.89
56.87
56.26
55.65
55.04
54.43
54.22
54.12
53.87
53.32
52.15
48.69
46.48
45.41
44.34
43.27
42.2
41.13
40.06
38.99
37.92
36.85
35.78
34.71
33.64
32.57
31.5
30.43
29.36
28.29
27.22
26.15
25.08
24.01
22.94
21.87
20.8
19.73
18.66
17.59
16.52
15.45
14.38
13.31
12.24
11.17
10.1
9.03
7.96
6.89
5.82
4.75
3.68
2.61
1.54
0.47
-0.6
n=7
99.65
99.4
98.64
96.63
94.61
94.0
93.39
92.78
92.17
91.96
91.55
91.14
90.93
90.72
90.51
90.3
90.09
89.88
89.67
89.46
89.25
89.04
88.94
88.18
86.17
84.15
83.54
82.93
82.32
81.71
81.5
81.29
81.08
80.87
80.66
80.45
80.35
79.59
77.58
75.56
74.95
74.34
74.13
73.72
73.31
73.1
72.89
72.68
72.47
72.26
72.05
71.84
71.63
71.42
71.21
71.0
70.79
70.58
70.48
69.72
67.71
65.69
65.08
64.47
64.26
63.85
63.44
63.23
63.02
62.81
62.6
62.39
62.18
61.97
61.76
61.66
60.9
58.89
56.87
56.26
55.65
55.04
54.43
54.22
54.12
53.87
53.62
52.65
50.43
48.52
47.85
47.43
47.01
46.59
46.17
45.75
45.33
44.91
44.49
44.07
43.65
43.23
42.81
42.39
41.97
41.55
41.13
40.71
40.29
39.87
39.45
39.03
38.61
38.19
37.77
37.35
36.93
36.51
36.09
35.67
35.25
34.83
34.41
33.99
33.57
33.15
32.73
32.31
31.89
31.47
31.05
30.63
30.21
29.79
29.37
29.27
29.02
28.77
27.8
25.98
24.47
23.8
23.38
22.96
22.54
22.12
21.7
21.28
20.86
20.44
20.02
19.6
19.18
18.76
18.34
17.92
17.5
17.08
16.66
16.24
15.82
15.4
14.98
14.77
14.67
14.42
13.66
12.65
11.63
11.42
11.21
11.0
10.79
10.58
10.37
10.27
9.51
8.5
7.48
7.27
7.17
6.92
6.37
5.71
3.93
2.87
2.21
1.55
1.09
0.54
-0.12
n=8
99.65
99.4
98.64
96.63
94.61
94.0
93.39
92.78
92.17
91.96
91.55
91.14
90.93
90.72
90.51
90.3
90.09
89.88
89.67
89.46
89.25
89.04
88.94
88.18
86.17
84.15
83.54
82.93
82.32
81.71
81.5
81.29
81.08
80.87
80.66
80.45
80.35
79.59
77.58
75.56
74.95
74.34
74.13
73.72
73.31
73.1
72.89
72.68
72.47
72.26
72.05
71.84
71.63
71.42
71.21
71.0
70.79
70.58
70.48
69.72
67.71
65.69
65.08
64.47
64.26
63.85
63.44
63.23
63.02
62.81
62.6
62.39
62.18
61.97
61.76
61.66
60.9
58.89
56.87
56.26
55.65
55.04
54.43
54.22
54.12
53.87
53.62
52.65
50.43
48.52
47.85
47.43
47.01
46.59
46.17
45.75
45.33
44.91
44.49
44.07
43.65
43.23
42.81
42.39
41.97
41.55
41.13
40.71
40.29
39.87
39.45
39.03
38.61
38.19
37.77
37.35
36.93
36.51
36.09
35.67
35.25
34.83
34.41
33.99
33.57
33.15
32.73
32.31
31.89
31.47
31.05
30.63
30.21
29.79
29.37
29.27
29.02
28.47
27.3
24.24
22.43
21.36
20.29
19.22
18.15
17.08
16.01
14.94
13.87
12.8
11.73
10.66
9.59
8.52
7.45
6.38
5.31
4.24
3.17
2.1
1.03
-0.04
n=10
99.65
99.4
98.64
96.63
94.61
94.0
93.39
92.78
92.17
91.96
91.55
91.14
90.93
90.72
90.51
90.3
90.09
89.88
89.67
89.46
89.25
89.04
88.94
88.18
86.17
84.15
83.54
82.93
82.32
81.71
81.5
81.29
81.08
80.87
80.66
80.45
80.35
79.59
77.58
75.56
74.95
74.34
74.13
73.72
73.31
73.1
72.89
72.68
72.47
72.26
72.05
71.84
71.63
71.42
71.21
71.0
70.79
70.58
70.48
69.72
67.71
65.69
65.08
64.47
64.26
63.85
63.44
63.23
63.02
62.81
62.6
62.39
62.18
61.97
61.76
61.66
60.9
58.89
56.87
56.26
55.65
55.04
54.43
54.22
54.12
53.87
53.62
52.65
50.43
48.52
47.85
47.43
47.01
46.59
46.17
45.75
45.33
44.91
44.49
44.07
43.65
43.23
42.81
42.39
41.97
41.55
41.13
40.71
40.29
39.87
39.45
39.03
38.61
38.19
37.77
37.35
36.93
36.51
36.09
35.67
35.25
34.83
34.41
33.99
33.57
33.15
32.73
32.31
31.89
31.47
31.05
30.63
30.21
29.79
29.37
29.27
29.02
28.47
27.3
24.55
22.74
21.67
20.6
19.53
18.46
17.39
16.32
15.25
14.18
13.11
12.04
10.97
9.9
8.83
7.76
6.69
5.62
4.55
3.48
2.41
1.34
0.27
-0.6
n=11
99.65
99.4
98.64
96.63
94.31
93.7
92.53
91.92
91.2
90.44
90.03
89.61
89.4
89.19
88.98
88.77
88.56
88.35
88.14
87.93
87.72
87.51
87.41
86.65
84.64
82.07
81.46
80.29
79.68
78.96
78.5
78.29
78.08
77.87
77.66
77.45
77.35
76.59
74.58
72.01
71.4
70.68
69.92
69.51
69.09
68.88
68.67
68.46
68.25
68.04
67.83
67.62
67.41
67.2
66.99
66.78
66.57
66.36
66.26
65.5
63.49
60.92
60.31
59.59
58.83
58.42
58.0
57.79
57.58
57.37
57.16
56.95
56.74
56.53
56.32
56.22
55.46
53.45
50.88
50.27
49.1
48.49
47.87
47.66
47.56
47.31
47.06
46.09
43.87
41.96
41.29
40.87
40.45
40.03
39.61
39.19
38.77
38.35
37.93
37.51
37.09
36.67
36.25
35.83
35.41
34.99
34.57
34.15
33.73
33.31
32.89
32.47
32.05
31.63
31.21
30.79
30.37
29.95
29.53
29.11
28.69
28.27
27.85
27.43
27.01
26.59
26.17
25.75
25.33
24.91
24.49
24.07
23.65
23.23
22.81
22.71
22.46
22.21
21.24
19.42
17.91
17.24
16.82
16.4
15.98
15.56
15.14
14.72
14.3
13.88
13.46
13.04
12.62
12.2
11.78
11.36
10.94
10.52
10.1
9.68
9.26
8.84
8.42
8.11
7.86
7.61
6.85
5.84
4.82
4.61
4.4
4.19
3.98
3.77
3.56
3.46
2.7
1.69
0.67
0.46
0.36
0.11
-0.14
n=13
99.65
99.1
98.44
93.19
90.73
89.05
87.89
86.21
85.05
84.39
83.22
82.26
81.6
80.84
80.18
79.52
78.86
78.1
77.44
76.78
76.12
75.66
75.11
74.45
69.2
66.74
65.06
63.9
62.22
61.16
60.5
59.74
59.08
58.42
57.76
57.3
56.75
56.09
50.84
48.28
46.6
45.44
44.78
43.61
42.65
41.99
41.23
40.57
39.91
39.15
38.49
37.83
37.17
36.41
35.75
35.09
34.43
33.97
33.42
32.76
27.51
24.95
23.27
22.11
21.45
20.28
19.32
18.66
18.0
17.34
16.58
15.92
15.26
14.6
14.14
13.59
12.93
7.68
5.22
3.44
2.38
0.7
-0.36
n=14
99.65
99.4
98.64
96.63
94.31
93.7
92.53
91.92
91.3
91.09
90.68
90.27
90.06
89.85
89.64
89.43
89.22
89.01
88.8
88.59
88.38
88.17
88.07
87.31
85.3
82.98
82.37
81.2
80.59
79.97
79.76
79.55
79.34
79.13
78.92
78.71
78.61
77.85
75.84
73.27
72.66
72.04
71.83
71.42
71.01
70.8
70.59
70.38
70.17
69.96
69.75
69.54
69.33
69.12
68.91
68.7
68.49
68.28
68.18
67.42
65.41
62.84
62.23
61.61
61.4
60.99
60.58
60.37
60.16
59.95
59.74
59.53
59.32
59.11
58.9
58.8
58.04
56.03
53.46
52.85
51.68
51.07
50.45
50.24
50.14
49.89
49.64
48.67
46.45
44.54
43.87
43.45
43.03
42.61
42.19
41.77
41.35
40.93
40.51
40.09
39.67
39.25
38.83
38.41
37.99
37.57
37.15
36.73
36.31
35.89
35.47
35.05
34.63
34.21
33.79
33.37
32.95
32.53
32.11
31.69
31.27
30.85
30.43
30.01
29.59
29.17
28.75
28.33
27.91
27.49
27.07
26.65
26.23
25.81
25.39
25.29
25.04
24.79
23.82
22.0
20.49
19.82
19.4
18.98
18.56
18.14
17.72
17.3
16.88
16.46
16.04
15.62
15.2
14.78
14.36
13.94
13.52
13.1
12.68
12.26
11.84
11.42
11.0
10.79
10.69
10.44
9.68
8.67
7.65
7.44
7.23
7.02
6.81
6.6
6.39
6.29
5.53
4.52
3.5
3.29
3.19
2.94
2.69
1.93
1.32
0.7
0.49
0.28
0.07
-0.03
