n=1
99.35
95.45
87.62
77.08
70.27
64.94
56.61
51.7
49.59
47.49
45.39
43.48
41.58
39.28
37.38
35.68
33.58
31.48
29.57
27.67
25.37
23.47
21.77
19.67
17.57
15.66
13.76
11.46
9.56
7.86
5.76
3.66
1.75
0.46
-0.83
n=2
99.35
95.45
88.55
78.84
72.13
67.93
61.02
56.31
54.41
52.51
50.61
48.9
47.2
45.1
43.4
41.9
40.0
38.1
36.39
34.69
32.59
30.89
29.39
27.49
25.59
23.88
22.18
20.08
18.38
16.88
14.98
13.08
11.37
10.28
9.19
8.1
6.19
2.33
-3.33
n=3
99.35
95.45
88.24
78.22
71.51
67.0
59.78
55.07
53.17
51.27
49.37
47.66
45.96
43.86
42.16
40.66
38.76
36.86
35.15
33.45
31.35
29.65
28.15
26.25
24.35
22.64
20.94
18.84
17.14
15.64
13.74
11.84
10.13
9.04
7.95
6.86
4.95
1.4
-3.95
n=4
99.35
95.45
87.93
77.7
70.89
65.87
57.85
52.94
50.83
48.73
46.63
44.72
42.82
40.52
38.62
36.92
34.82
32.72
30.81
28.91
26.61
24.71
23.01
20.91
18.81
16.9
15.0
12.7
10.8
9.1
7.0
4.9
2.99
1.7
0.41
-0.88
n=5
99.35
95.45
88.55
78.84
72.13
67.93
61.02
56.31
54.41
52.51
50.61
48.9
47.2
45.1
43.4
41.9
40.0
38.1
36.39
34.69
32.59
30.89
29.39
27.49
25.59
23.88
22.18
20.08
18.38
16.88
14.98
13.08
11.37
10.28
9.19
8.1
6.19
2.95
-2.4
n=6
99.35
95.45
88.24
78.22
71.51
67.0
59.78
55.07
53.17
51.27
49.37
47.66
45.96
43.86
42.16
40.66
38.76
36.86
35.15
33.45
31.35
29.65
28.15
26.25
24.35
22.64
20.94
18.84
17.14
15.64
13.74
11.84
10.13
9.04
7.95
6.86
4.95
1.71
-3.64
n=7
99.35
95.45
88.24
78.22
71.51
67.0
59.78
54.67
51.96
49.25
47.04
45.02
42.71
40.29
38.18
35.87
33.16
30.95
28.93
26.62
24.2
22.09
19.78
17.07
14.86
12.84
10.53
8.11
6.0
3.69
0.98
-1.23
n=8
99.35
95.45
88.55
78.84
72.13
67.93
61.02
56.31
54.41
52.51
50.61
48.9
47.2
45.1
43.4
41.9
40.0
38.1
36.39
34.69
32.59
30.89
29.39
27.49
25.59
23.88
22.18
20.08
18.38
16.88
14.98
13.08
11.37
10.28
9.19
7.7
5.69
2.45
-2.4
n=9
99.35
95.45
88.24
78.12
71.21
66.5
58.98
53.97
51.77
49.55
46.93
44.72
42.21
39.49
37.48
35.68
33.46
30.84
28.63
26.12
23.4
21.39
19.59
17.37
14.75
12.54
10.03
7.31
5.3
3.5
1.28
-1.34
n=10
99.35
95.45
87.93
77.5
70.59
65.57
57.84
52.93
50.83
48.73
46.63
44.72
42.82
40.52
38.62
36.92
34.82
32.72
30.81
28.91
26.61
24.71
23.01
20.91
18.81
16.9
15.0
12.7
10.8
9.1
7.0
4.9
2.99
1.7
0.41
-0.88
n=11
99.35
95.45
88.55
78.84
72.13
67.93
61.02
56.31
54.41
52.51
50.61
48.9
47.2
45.1
43.4
41.9
40.0
38.1
36.39
34.69
32.59
30.89
29.39
27.49
25.59
23.88
22.18
20.08
18.38
16.88
14.98
13.08
11.37
10.28
9.19
7.7
5.69
2.45
-2.71
n=12
99.35
95.45
88.24
78.22
71.51
67.31
60.09
55.07
53.17
51.27
49.37
47.66
45.96
43.86
42.16
40.66
38.76
36.86
35.15
33.45
31.35
29.65
28.15
26.25
24.35
22.64
20.94
18.84
17.14
15.64
13.74
11.84
10.13
9.04
7.95
6.46
4.45
1.21
-3.95
n=13
99.35
95.45
87.93
77.5
70.59
65.57
57.84
52.93
50.83
48.73
46.63
44.72
42.82
40.52
38.62
36.92
34.82
32.72
30.81
28.91
26.61
24.71
23.01
20.91
18.81
16.9
15.0
12.7
10.8
9.1
7.0
4.9
2.99
1.7
0.41
-0.88
n=14
99.35
95.45
88.55
78.84
72.13
67.93
61.02
56.31
54.41
52.51
50.61
48.9
47.2
45.1
43.4
41.9
40.0
38.1
36.39
34.69
32.59
30.89
29.39
27.49
25.59
23.88
22.18
20.08
18.38
16.88
14.98
13.08
11.37
10.28
9.19
8.1
6.19
2.95
-2.4
n=15
99.35
95.45
88.24
78.22
71.51
67.31
60.09
55.07
53.17
51.27
49.37
47.66
45.96
43.86
42.16
40.66
38.76
36.86
35.15
33.45
31.35
29.65
28.15
26.25
24.35
22.64
20.94
18.84
17.14
15.64
13.74
11.84
10.13
9.04
7.95
6.86
4.95
1.71
-3.64
