n=1
99.35
96.5
90.66
83.11
78.8
75.63
71.26
69.02
67.98
66.94
65.9
64.86
63.82
62.78
61.74
60.7
59.66
58.62
57.58
56.54
55.5
54.46
53.42
52.38
51.34
50.3
49.26
48.22
47.18
46.14
45.1
44.06
43.02
41.98
40.94
39.9
38.86
37.82
36.78
35.74
34.7
33.66
32.62
31.58
30.54
29.5
28.46
27.42
26.38
25.34
24.3
23.26
22.22
21.18
20.14
19.1
18.06
17.02
15.98
14.94
13.9
12.86
11.82
10.78
9.74
8.7
7.66
6.62
5.58
4.54
3.5
2.46
1.42
0.38
-0.66
n=2
99.35
96.5
91.28
84.35
80.04
77.49
73.74
71.5
70.46
69.42
68.38
67.34
66.3
65.26
64.22
63.18
62.14
61.1
60.06
59.02
57.98
56.94
55.9
54.86
53.82
52.78
51.74
50.7
49.66
48.62
47.58
46.54
45.5
44.46
43.42
42.38
41.34
40.3
39.26
38.22
37.18
36.14
35.1
34.06
33.02
31.98
30.94
29.9
28.86
27.82
26.78
25.74
24.7
23.66
22.62
21.58
20.54
19.5
18.46
17.42
16.38
15.34
14.3
13.26
12.22
11.18
10.14
9.1
8.06
7.02
5.98
4.94
3.9
2.86
1.82
0.78
-0.05
n=4
99.35
96.5
91.9
85.49
80.83
78.49
75.24
73.19
72.35
71.51
70.67
69.83
68.99
68.15
67.31
66.47
65.63
64.79
63.95
63.11
62.27
61.43
60.59
59.75
58.91
58.07
57.23
56.39
55.55
54.71
53.87
53.03
52.19
51.35
50.51
49.67
48.83
47.99
47.15
46.31
45.47
44.63
43.79
42.95
42.11
41.27
40.43
39.59
38.75
37.91
37.07
36.23
35.39
34.55
33.71
32.87
32.03
31.19
30.35
29.51
28.67
27.83
26.99
26.15
25.31
24.47
23.63
22.79
21.95
21.11
20.27
19.43
18.59
17.75
16.91
16.07
15.44
14.01
12.76
10.78
8.45
5.71
3.32
1.81
0.19
-1.03
n=5
99.35
96.5
91.9
85.49
80.83
78.49
75.24
73.19
72.35
71.51
70.67
69.83
68.99
68.15
67.31
66.47
65.63
64.79
63.95
63.11
62.27
61.43
60.59
59.75
58.91
58.07
57.23
56.39
55.55
54.71
53.87
53.03
52.19
51.35
50.51
49.67
48.83
47.99
47.15
46.31
45.47
44.63
43.79
42.95
42.11
41.27
40.43
39.59
38.75
37.91
37.07
36.23
35.39
34.55
33.71
32.87
32.03
31.19
30.35
29.51
28.67
27.83
26.99
26.15
25.31
24.47
23.63
22.79
21.95
21.11
20.27
19.43
18.59
17.75
16.91
16.07
15.44
14.01
12.76
10.78
8.14
5.09
2.7
1.19
-0.43
n=7
99.35
96.5
91.9
85.49
80.83
78.49
75.24
73.19
72.35
71.51
70.67
69.83
68.99
68.15
67.31
66.47
65.63
64.79
63.95
63.11
62.27
61.43
60.59
59.75
58.91
58.07
57.23
56.39
55.55
54.71
53.87
53.03
52.19
51.35
50.51
49.67
48.83
47.99
47.15
46.31
45.47
44.63
43.79
42.95
42.11
41.27
40.43
39.59
38.75
37.91
37.07
36.23
35.39
34.55
33.71
32.87
32.03
31.19
30.35
29.51
28.67
27.83
26.99
26.15
25.31
24.47
23.63
22.79
21.95
21.11
20.27
19.43
18.59
17.75
16.91
16.07
14.79
13.06
12.16
10.63
8.5
5.77
3.64
2.13
0.22
-1.29
n=8
99.35
96.5
91.9
85.49
80.83
78.49
75.24
73.19
72.35
71.51
70.67
69.83
68.99
68.15
67.31
66.47
65.63
64.79
63.95
63.11
62.27
61.43
60.59
59.75
58.91
58.07
57.23
56.39
55.55
54.71
53.87
53.03
52.19
51.35
50.51
49.67
48.83
47.99
47.15
46.31
45.47
44.63
43.79
42.95
42.11
41.27
40.43
39.59
38.75
37.91
37.07
36.23
35.39
34.55
33.71
32.87
32.03
31.19
30.35
29.51
28.67
27.83
26.99
26.15
25.31
24.47
23.63
22.79
21.95
21.11
20.27
19.43
18.59
17.75
16.91
16.07
14.79
13.06
12.16
10.63
8.5
5.77
3.64
2.13
0.22
-1.29
n=10
99.35
96.5
91.9
85.49
80.83
78.49
75.24
73.19
72.35
71.51
70.67
69.83
68.99
68.15
67.31
66.47
65.63
64.79
63.95
63.11
62.27
61.43
60.59
59.75
58.91
58.07
57.23
56.39
55.55
54.71
53.87
53.03
52.19
51.35
50.51
49.67
48.83
47.99
47.15
46.31
45.47
44.63
43.79
42.95
42.11
41.27
40.43
39.59
38.75
37.91
37.07
36.23
35.39
34.55
33.71
32.87
32.03
31.19
30.35
29.51
28.67
27.83
26.99
26.15
25.31
24.47
23.63
22.79
21.95
21.11
20.27
19.43
18.59
17.75
16.91
16.07
15.44
14.01
12.76
10.78
7.83
4.57
2.53
0.05
-2.73
n=11
99.35
96.5
91.9
85.49
80.83
78.49
75.24
73.19
72.35
71.51
70.67
69.83
68.99
68.15
67.31
66.47
65.63
64.79
63.95
63.11
62.27
61.43
60.59
59.75
58.91
58.07
57.23
56.39
55.55
54.71
53.87
53.03
52.19
51.35
50.51
49.67
48.83
47.99
47.15
46.31
45.47
44.63
43.79
42.95
42.11
41.27
40.43
39.59
38.75
37.91
37.07
36.23
35.39
34.55
33.71
32.87
32.03
31.19
30.35
29.51
28.67
27.83
26.99
26.15
25.31
24.47
23.63
22.79
21.95
21.11
20.27
19.43
18.59
17.75
16.91
16.07
14.79
13.06
12.16
10.63
8.5
5.77
3.64
2.13
0.22
-1.29
n=13
99.35
96.5
91.28
84.35
80.04
77.49
73.74
71.5
70.46
69.42
68.38
67.34
66.3
65.26
64.22
63.18
62.14
61.1
60.06
59.02
57.98
56.94
55.9
54.86
53.82
52.78
51.74
50.7
49.66
48.62
47.58
46.54
45.5
44.46
43.42
42.38
41.34
40.3
39.26
38.22
37.18
36.14
35.1
34.06
33.02
31.98
30.94
29.9
28.86
27.82
26.78
25.74
24.7
23.66
22.62
21.58
20.54
19.5
18.46
17.42
16.38
15.34
14.3
13.26
12.22
11.18
10.14
9.1
8.06
7.02
5.98
4.94
3.9
2.86
1.82
0.78
-0.05
n=14
99.35
96.5
91.28
84.35
80.04
77.49
73.74
71.5
70.46
69.42
68.38
67.34
66.3
65.26
64.22
63.18
62.14
61.1
60.06
59.02
57.98
56.94
55.9
54.86
53.82
52.78
51.74
50.7
49.66
48.62
47.58
46.54
45.5
44.46
43.42
42.38
41.34
40.3
39.26
38.22
37.18
36.14
35.1
34.06
33.02
31.98
30.94
29.9
28.86
27.82
26.78
25.74
24.7
23.66
22.62
21.58
20.54
19.5
18.46
17.42
16.38
15.34
14.3
13.26
12.22
11.18
10.14
9.1
8.06
7.02
5.98
4.94
3.9
2.86
1.82
0.78
-0.7
