n=1
99.65
99.1
97.51
94.67
92.36
90.36
89.13
88.1
87.28
86.25
85.43
84.6
83.77
82.94
82.11
81.28
80.45
79.62
78.79
77.96
77.13
76.3
75.47
74.64
73.81
72.98
72.15
71.32
70.49
69.66
68.83
68.0
67.17
66.34
65.51
64.68
63.85
63.02
62.19
61.36
60.53
59.7
58.87
58.04
57.21
56.38
55.55
54.72
53.89
53.06
52.23
51.4
50.57
49.74
48.91
48.08
47.25
46.42
45.59
44.76
43.93
43.1
42.27
41.44
40.61
39.78
38.95
38.12
37.29
36.46
35.63
34.8
33.97
33.14
32.31
31.48
30.65
29.82
28.99
28.16
27.33
26.5
25.67
24.84
24.01
23.39
22.77
21.64
20.93
19.35
18.29
17.22
16.15
15.08
14.01
12.94
11.87
10.8
9.73
8.66
7.59
6.52
5.45
4.38
3.31
2.44
1.78
1.12
-2.7
n=2
99.65
99.1
97.51
91.88
89.57
87.57
86.24
84.65
83.73
82.45
81.53
80.45
79.62
78.79
77.96
77.13
76.3
75.47
74.64
73.81
72.98
72.15
71.32
70.49
69.66
68.83
68.0
67.17
66.34
65.51
64.68
63.85
63.02
62.19
61.36
60.53
59.7
58.87
58.04
57.21
56.38
55.55
54.72
53.89
53.06
52.23
51.4
50.57
49.74
48.91
48.08
47.25
46.42
45.59
44.76
43.93
43.1
42.27
41.44
40.61
39.78
38.95
38.12
37.29
36.46
35.63
34.8
33.97
33.14
32.31
31.48
30.65
29.82
28.99
28.16
27.33
26.5
25.67
24.84
24.01
23.18
22.35
21.52
20.69
19.86
19.14
17.97
17.35
16.18
15.56
14.74
13.67
12.6
11.53
10.46
9.39
8.32
7.25
6.18
5.11
4.04
2.97
1.9
0.83
-0.24
n=3
99.65
99.4
98.01
95.17
93.06
91.57
90.54
89.71
89.09
88.26
87.64
87.01
86.38
85.75
85.12
84.49
83.86
83.23
82.6
81.97
81.34
80.71
80.08
79.45
78.82
78.19
77.56
76.93
76.3
75.67
75.04
74.41
73.78
73.15
72.52
71.89
71.26
70.63
70.0
69.37
68.74
68.11
67.48
66.85
66.22
65.59
64.96
64.33
63.7
63.07
62.44
61.81
61.18
60.55
59.92
59.29
58.66
58.03
57.4
56.77
56.14
55.51
54.88
54.25
53.62
52.99
52.36
51.73
51.1
50.47
49.84
49.21
48.58
47.95
47.32
46.69
46.06
45.43
44.8
44.17
43.54
42.91
42.28
41.65
41.02
40.6
40.18
39.56
39.05
38.18
37.67
37.0
36.58
36.16
35.74
35.32
34.9
34.48
34.06
33.64
33.22
32.8
32.38
31.96
31.54
31.12
30.81
30.05
28.64
27.22
27.12
26.36
24.95
23.53
23.32
23.11
22.9
22.69
22.48
22.27
22.06
21.85
21.64
21.43
21.22
21.01
20.8
20.59
20.49
19.73
18.32
16.9
16.69
16.48
16.27
16.06
15.85
15.64
15.43
15.33
15.08
14.83
14.28
13.11
10.25
8.64
7.57
6.5
5.43
4.36
3.29
2.22
1.15
0.08
-0.99
n=4
99.65
99.4
98.01
95.17
93.06
91.57
90.54
89.71
89.09
88.26
87.64
87.01
86.38
85.75
85.12
84.49
83.86
83.23
82.6
81.97
81.34
80.71
80.08
79.45
78.82
78.19
77.56
76.93
76.3
75.67
75.04
74.41
73.78
73.15
72.52
71.89
71.26
70.63
70.0
69.37
68.74
68.11
67.48
66.85
66.22
65.59
64.96
64.33
63.7
63.07
62.44
61.81
61.18
60.55
59.92
59.29
58.66
58.03
57.4
56.77
56.14
55.51
54.88
54.25
53.62
52.99
52.36
51.73
51.1
50.47
49.84
49.21
48.58
47.95
47.32
46.69
46.06
45.43
44.8
44.17
43.54
42.91
42.28
41.65
41.02
40.6
40.18
39.56
39.05
38.18
37.67
37.0
36.58
36.16
35.74
35.32
34.9
34.48
34.06
33.64
33.22
32.8
32.38
31.96
31.54
31.12
30.81
30.05
28.64
27.22
27.12
26.36
24.95
23.53
23.32
23.11
22.9
22.69
22.48
22.27
22.06
21.85
21.64
21.43
21.22
21.01
20.8
20.59
20.49
19.73
18.32
16.9
16.69
16.48
16.27
16.06
15.85
15.64
15.43
15.33
15.08
14.83
14.58
13.61
11.99
10.68
10.01
9.59
9.17
8.75
8.33
7.91
7.49
7.07
6.65
6.23
6.13
5.88
5.33
3.95
2.21
1.0
-0.28
n=5
99.65
99.4
98.01
95.17
93.06
91.57
90.54
89.71
89.09
88.26
87.64
87.01
86.38
85.75
85.12
84.49
83.86
83.23
82.6
81.97
81.34
80.71
80.08
79.45
78.82
78.19
77.56
76.93
76.3
75.67
75.04
74.41
73.78
73.15
72.52
71.89
71.26
70.63
70.0
69.37
68.74
68.11
67.48
66.85
66.22
65.59
64.96
64.33
63.7
63.07
62.44
61.81
61.18
60.55
59.92
59.29
58.66
58.03
57.4
56.77
56.14
55.51
54.88
54.25
53.62
52.99
52.36
51.73
51.1
50.47
49.84
49.21
48.58
47.95
47.32
46.69
46.06
45.43
44.8
44.17
43.54
42.91
42.28
41.65
41.02
40.6
40.18
39.56
39.05
38.18
37.67
37.0
36.58
36.16
35.74
35.32
34.9
34.48
34.06
33.64
33.22
32.8
32.38
31.96
31.54
31.12
30.81
30.05
28.64
27.22
27.12
26.36
24.95
23.53
23.32
23.11
22.9
22.69
22.48
22.27
22.06
21.85
21.64
21.43
21.22
21.01
20.8
20.59
20.49
19.73
18.32
16.9
16.69
16.48
16.27
16.06
15.85
15.64
15.43
15.33
15.08
14.83
14.28
13.11
10.87
9.26
8.19
7.12
6.05
4.98
3.91
2.84
1.77
0.7
-0.37
n=6
99.65
99.4
98.01
95.17
93.06
91.57
90.54
89.71
89.09
88.26
87.64
87.01
86.38
85.75
85.12
84.49
83.86
83.23
82.6
81.97
81.34
80.71
80.08
79.45
78.82
78.19
77.56
76.93
76.3
75.67
75.04
74.41
73.78
73.15
72.52
71.89
71.26
70.63
70.0
69.37
68.74
68.11
67.48
66.85
66.22
65.59
64.96
64.33
63.7
63.07
62.44
61.81
61.18
60.55
59.92
59.29
58.66
58.03
57.4
56.77
56.14
55.51
54.88
54.25
53.62
52.99
52.36
51.73
51.1
50.47
49.84
49.21
48.58
47.95
47.32
46.69
46.06
45.43
44.8
44.17
43.54
42.91
42.28
41.65
41.02
40.6
40.18
39.56
39.05
38.18
37.67
37.0
36.58
36.16
35.74
35.32
34.9
34.48
34.06
33.64
33.22
32.8
32.38
31.96
31.54
31.12
30.81
30.05
28.64
27.22
27.12
26.36
24.95
23.53
23.32
23.11
22.9
22.69
22.48
22.27
22.06
21.85
21.64
21.43
21.22
21.01
20.8
20.59
20.49
19.73
18.32
16.9
16.69
16.48
16.27
16.06
15.85
15.64
15.43
15.33
15.08
14.83
14.58
13.61
11.99
10.68
10.01
9.59
9.17
8.75
8.33
7.91
7.49
7.07
6.65
6.23
6.13
5.88
5.33
3.95
1.59
0.38
-0.9
n=7
99.65
99.1
97.51
94.67
92.36
90.67
89.64
88.81
88.19
87.05
86.43
85.8
85.17
84.54
83.91
83.28
82.65
82.02
81.39
80.76
80.13
79.5
78.87
78.24
77.61
76.98
76.35
75.72
75.09
74.46
73.83
73.2
72.57
71.94
71.31
70.68
70.05
69.42
68.79
68.16
67.53
66.9
66.27
65.64
65.01
64.38
63.75
63.12
62.49
61.86
61.23
60.6
59.97
59.34
58.71
58.08
57.45
56.82
56.19
55.56
54.93
54.3
53.67
53.04
52.41
51.78
51.15
50.52
49.89
49.26
48.63
48.0
47.37
46.74
46.11
45.48
44.85
44.22
43.59
42.96
42.33
41.7
41.07
40.44
39.81
39.39
38.97
38.35
37.84
36.97
36.46
35.79
35.37
34.95
34.53
34.11
33.69
33.27
32.85
32.43
32.01
31.59
31.17
30.75
30.33
29.91
29.6
28.84
27.43
26.01
25.91
25.15
23.74
22.32
22.11
21.9
21.69
21.48
21.27
21.06
20.85
20.64
20.43
20.22
20.01
19.8
19.59
19.38
19.28
18.52
17.11
15.69
15.48
15.27
15.06
14.85
14.64
14.43
14.22
14.12
13.87
13.62
13.37
12.4
10.78
9.47
8.8
8.38
7.96
7.54
7.12
6.7
6.28
5.86
5.44
5.02
4.92
4.67
4.12
2.74
1.31
0.2
-0.88
n=8
99.65
99.4
98.01
95.17
93.06
91.57
90.54
89.71
89.09
88.26
87.64
87.01
86.38
85.75
85.12
84.49
83.86
83.23
82.6
81.97
81.34
80.71
80.08
79.45
78.82
78.19
77.56
76.93
76.3
75.67
75.04
74.41
73.78
73.15
72.52
71.89
71.26
70.63
70.0
69.37
68.74
68.11
67.48
66.85
66.22
65.59
64.96
64.33
63.7
63.07
62.44
61.81
61.18
60.55
59.92
59.29
58.66
58.03
57.4
56.77
56.14
55.51
54.88
54.25
53.62
52.99
52.36
51.73
51.1
50.47
49.84
49.21
48.58
47.95
47.32
46.69
46.06
45.43
44.8
44.17
43.54
42.91
42.28
41.65
41.02
40.6
40.18
39.56
39.05
38.18
37.67
37.0
36.58
36.16
35.74
35.32
34.9
34.48
34.06
33.64
33.22
32.8
32.38
31.96
31.54
31.12
30.81
30.05
28.64
26.97
26.42
25.76
22.04
20.18
19.42
18.76
18.0
17.34
16.58
15.92
15.16
14.5
13.84
13.08
12.42
11.76
11.1
10.64
10.09
9.43
5.71
3.85
3.09
2.43
1.77
1.11
0.35
-0.31
n=9
99.65
99.4
98.01
95.17
92.86
91.62
90.58
89.75
89.13
88.3
87.68
87.05
86.42
85.79
85.16
84.53
83.9
83.27
82.64
82.01
81.38
80.75
80.12
79.49
78.86
78.23
77.6
76.97
76.34
75.71
75.08
74.45
73.82
73.19
72.56
71.93
71.3
70.67
70.04
69.41
68.78
68.15
67.52
66.89
66.26
65.63
65.0
64.37
63.74
63.11
62.48
61.85
61.22
60.59
59.96
59.33
58.7
58.07
57.44
56.81
56.18
55.55
54.92
54.29
53.66
53.03
52.4
51.77
51.14
50.51
49.88
49.25
48.62
47.99
47.36
46.73
46.1
45.47
44.84
44.21
43.58
42.95
42.32
41.69
41.06
40.64
40.22
39.6
39.19
38.57
38.16
37.74
37.32
36.9
36.48
36.06
35.64
35.22
34.8
34.38
33.96
33.54
33.12
32.7
32.28
31.86
31.65
31.44
30.03
28.62
28.52
27.76
26.35
24.93
24.72
24.51
24.3
24.09
23.88
23.67
23.46
23.25
23.04
22.83
22.62
22.41
22.2
21.99
21.89
21.13
19.72
18.3
18.09
17.88
17.67
17.46
17.25
17.04
16.83
16.73
16.48
16.23
15.98
15.01
13.39
12.08
11.41
10.99
10.57
10.15
9.73
9.31
8.89
8.47
8.05
7.63
7.53
7.28
7.03
5.85
4.42
3.51
2.63
2.0
1.9
1.65
1.1
0.44
-0.32
n=10
99.65
99.1
97.51
94.36
91.85
90.61
89.07
88.24
87.11
86.28
85.35
84.17
82.99
81.81
80.63
79.45
78.27
77.09
75.91
74.73
73.55
72.37
71.19
70.01
68.83
67.65
66.47
65.29
64.11
62.93
61.75
60.57
59.39
58.21
57.03
55.85
54.67
53.49
52.31
51.13
49.95
48.77
47.59
46.41
45.23
44.05
42.87
41.69
40.51
39.33
38.15
36.97
35.79
34.61
33.43
32.25
31.07
29.89
28.71
27.53
26.35
25.17
23.99
22.81
21.63
20.45
19.27
18.09
16.91
15.73
14.55
13.37
12.19
11.01
9.83
8.65
7.47
6.29
5.11
3.93
2.75
1.57
0.39
-0.79
