n=1
99.35
95.45
86.69
75.22
68.1
61.95
53.2
46.05
40.5
34.95
29.4
23.85
18.3
12.75
7.2
1.65
-3.9
n=2
99.35
95.45
88.55
78.84
71.93
67.54
60.84
55.74
52.25
48.76
45.27
41.78
38.29
34.8
31.31
27.82
24.33
20.84
18.76
16.68
14.6
12.52
10.44
7.74
4.33
-0.08
n=3
99.35
95.45
88.24
78.22
71.31
66.61
59.6
54.5
51.01
47.52
44.03
40.54
37.05
33.56
30.07
26.58
23.09
19.6
17.52
15.44
13.36
11.28
9.2
6.9
3.99
-0.32
n=4
99.35
95.45
88.55
78.84
71.93
67.54
60.84
55.74
52.25
48.76
45.27
41.78
38.29
34.8
31.31
27.82
24.33
20.84
18.76
16.68
14.6
12.52
10.04
7.24
3.83
-0.39
n=5
99.35
95.45
88.55
78.84
71.93
67.54
60.84
55.74
52.25
48.76
45.27
41.78
38.29
34.8
31.31
27.82
24.33
20.84
18.76
16.68
14.6
12.52
10.44
8.14
5.23
0.92
-2.3
n=6
99.35
95.45
88.55
78.84
71.93
67.54
60.84
55.74
52.25
48.76
45.27
41.78
38.29
34.8
31.31
27.82
24.33
20.84
18.76
16.68
14.6
12.52
10.44
7.74
3.4
-1.94
n=7
99.35
95.45
88.55
78.84
71.93
67.54
60.84
55.74
52.25
48.76
45.27
41.78
38.29
34.8
31.31
27.82
24.33
20.84
18.76
16.68
14.6
12.52
10.04
7.24
3.83
-0.39
n=8
99.35
95.45
88.55
78.84
71.93
67.54
60.54
55.14
51.34
47.54
43.74
39.94
36.14
32.34
28.54
24.74
20.94
17.14
14.76
12.38
10.0
7.62
5.24
2.64
-0.57
n=9
99.35
95.45
87.31
76.46
69.35
63.83
55.7
50.1
46.1
42.1
38.1
34.1
30.1
26.1
22.1
18.1
14.1
10.1
7.52
4.94
2.36
-0.22
n=10
99.35
95.45
88.24
78.22
71.31
66.61
59.6
54.5
51.01
47.52
44.03
40.54
37.05
33.56
30.07
26.58
23.09
19.6
17.52
15.44
13.36
11.28
8.8
6.0
2.59
-1.94
n=11
99.35
95.45
88.55
78.84
71.93
67.54
60.54
55.14
51.34
47.54
43.74
39.94
36.14
32.34
28.54
24.74
20.94
17.14
14.76
12.38
10.0
7.62
5.24
2.64
-0.57
n=12
99.35
95.45
88.55
78.84
71.93
67.54
60.54
55.14
51.34
47.54
43.74
39.94
36.14
32.34
28.54
24.74
20.94
17.14
14.76
12.38
10.0
7.62
5.24
2.64
-0.57
n=13
99.35
95.45
87.93
77.5
70.39
65.18
57.66
52.36
48.67
44.98
41.29
37.6
33.91
30.22
26.53
22.84
19.15
15.46
13.18
10.9
8.62
6.34
4.06
1.56
-1.55
n=14
99.35
95.45
88.55
78.84
71.93
67.54
60.54
55.14
51.34
47.54
43.74
39.94
36.14
32.34
28.54
24.74
20.94
17.14
14.76
12.38
10.0
7.62
5.24
2.64
-0.57
n=15
99.35
95.45
88.24
78.02
70.91
66.0
58.49
52.89
48.89
44.89
40.89
36.89
32.89
28.89
24.89
20.89
16.89
12.89
10.31
7.73
5.15
2.57
-0.01
