n=1
99.65
99.4
97.8
93.75
90.64
89.34
88.29
87.45
86.61
85.77
84.93
84.09
83.25
82.41
81.57
80.73
79.89
79.05
78.21
77.37
76.53
75.69
74.85
74.01
73.17
72.33
71.49
70.65
69.81
68.97
68.13
67.29
66.45
65.61
64.77
63.93
63.09
62.25
61.41
60.57
59.73
58.89
58.05
57.21
56.37
55.53
54.69
53.85
53.01
52.17
51.33
50.49
49.65
48.81
47.97
47.13
46.29
45.45
44.61
43.77
42.93
42.09
41.25
40.41
39.57
38.65
38.4
38.15
36.97
34.34
32.02
31.14
30.51
29.88
29.25
28.62
27.99
27.36
26.73
26.1
25.47
24.84
24.21
23.58
22.95
22.32
21.69
21.06
20.43
19.8
19.17
18.54
17.91
17.28
16.65
16.02
15.71
15.25
14.39
13.02
11.54
10.06
7.76
6.08
4.9
3.82
2.74
1.66
0.48
-0.6
n=2
99.65
99.4
97.8
93.75
90.64
89.34
88.29
87.45
86.61
85.77
84.93
84.09
83.25
82.41
81.57
80.73
79.89
79.05
78.21
77.37
76.53
75.69
74.85
74.01
73.17
72.33
71.49
70.65
69.81
68.97
68.13
67.29
66.45
65.61
64.77
63.93
63.09
62.25
61.41
60.57
59.73
58.89
58.05
57.21
56.37
55.53
54.69
53.85
53.01
52.17
51.33
50.49
49.65
48.81
47.97
47.13
46.29
45.45
44.61
43.77
42.93
42.09
41.25
40.41
39.57
38.65
38.4
37.85
36.47
32.6
29.98
28.7
27.42
26.14
24.86
23.58
22.3
21.02
19.74
18.46
17.18
15.9
14.62
13.34
12.06
10.78
9.5
8.22
6.94
5.66
4.38
3.1
1.82
0.54
-0.74
n=3
99.65
99.4
97.8
93.75
90.64
89.34
88.29
87.45
86.61
85.77
84.93
84.09
83.25
82.41
81.57
80.73
79.89
79.05
78.21
77.37
76.53
75.69
74.85
74.01
73.17
72.33
71.49
70.65
69.81
68.97
68.13
67.29
66.45
65.61
64.77
63.93
63.09
62.25
61.41
60.57
59.73
58.89
58.05
57.21
56.37
55.53
54.69
53.85
53.01
52.17
51.33
50.49
49.65
48.81
47.97
47.13
46.29
45.45
44.61
43.77
42.93
42.09
41.25
40.41
39.57
38.65
38.4
38.15
36.97
34.34
32.02
31.14
30.51
29.88
29.25
28.62
27.99
27.36
26.73
26.1
25.47
24.84
24.21
23.58
22.95
22.32
21.69
21.06
20.43
19.8
19.17
18.54
17.91
17.28
16.65
16.02
15.71
15.25
14.09
12.82
10.72
9.24
7.46
5.78
4.7
3.52
2.44
1.36
0.28
-0.6
n=4
99.65
99.4
97.8
93.75
90.64
89.34
88.29
87.45
86.61
85.77
84.93
84.09
83.25
82.41
81.57
80.73
79.89
79.05
78.21
77.37
76.53
75.69
74.85
74.01
73.17
72.33
71.49
70.65
69.81
68.97
68.13
67.29
66.45
65.61
64.77
63.93
63.09
62.25
61.41
60.57
59.73
58.89
58.05
57.21
56.37
55.53
54.69
53.85
53.01
52.17
51.33
50.49
49.65
48.81
47.97
47.13
46.29
45.45
44.61
43.77
42.93
42.09
41.25
40.41
39.57
38.65
38.4
38.15
36.97
34.34
32.02
31.14
30.51
29.88
29.25
28.62
27.99
27.36
26.73
26.1
25.47
24.84
24.21
23.58
22.95
22.32
21.69
21.06
20.43
19.8
19.17
18.54
17.91
17.28
16.65
16.02
15.71
14.95
14.34
13.51
12.38
10.8
9.57
8.33
7.7
7.07
6.44
5.81
5.18
4.55
4.13
4.03
3.78
3.32
2.66
2.0
1.24
-0.35
n=5
99.65
99.1
97.3
91.08
87.67
85.97
84.27
82.78
81.29
79.8
78.31
76.82
75.33
73.84
72.35
70.86
69.37
67.88
66.39
64.9
63.41
61.92
60.43
58.94
57.45
55.96
54.47
52.98
51.49
50.0
48.51
47.02
45.53
44.04
42.55
41.06
39.57
38.08
36.59
35.1
33.61
32.12
30.63
29.14
27.65
26.16
24.67
23.18
21.69
20.2
18.71
17.22
15.73
14.24
12.75
11.26
9.77
8.28
6.79
5.3
3.81
2.32
0.83
-0.66
n=6
99.65
99.4
97.8
93.75
90.64
89.34
88.29
87.45
86.61
85.77
84.93
84.09
83.25
82.41
81.57
80.73
79.89
79.05
78.21
77.37
76.53
75.69
74.85
74.01
73.17
72.33
71.49
70.65
69.81
68.97
68.13
67.29
66.45
65.61
64.77
63.93
63.09
62.25
61.41
60.57
59.73
58.89
58.05
57.21
56.37
55.53
54.69
53.85
53.01
52.17
51.33
50.49
49.65
48.81
47.97
47.13
46.29
45.45
44.61
43.77
42.93
42.09
41.25
40.41
39.57
38.65
38.4
38.15
36.97
34.34
32.02
31.14
30.51
29.88
29.25
28.62
27.99
27.36
26.73
26.1
25.47
24.84
24.21
23.58
22.95
22.32
21.69
21.06
20.43
19.8
19.17
18.54
17.91
17.28
16.65
16.02
15.71
15.25
14.39
13.02
11.99
10.95
9.72
8.49
7.86
7.23
6.6
5.97
5.34
4.71
4.19
3.94
3.69
2.93
2.52
2.1
1.89
1.05
-0.39
n=7
99.65
99.4
97.8
93.75
90.64
89.34
88.29
87.45
86.61
85.77
84.93
84.09
83.25
82.41
81.57
80.73
79.89
79.05
78.21
77.37
76.53
75.69
74.85
74.01
73.17
72.33
71.49
70.65
69.81
68.97
68.13
67.29
66.45
65.61
64.77
63.93
63.09
62.25
61.41
60.57
59.73
58.89
58.05
57.21
56.37
55.53
54.69
53.85
53.01
52.17
51.33
50.49
49.65
48.81
47.97
47.13
46.29
45.45
44.61
43.77
42.93
42.09
41.25
40.41
39.57
38.65
38.4
38.15
36.97
34.34
32.12
31.49
30.86
30.23
29.6
28.97
28.34
27.71
27.08
26.45
25.82
25.19
24.56
23.93
23.3
22.67
22.04
21.41
20.78
20.15
19.52
18.89
18.26
17.63
17.0
16.37
16.16
15.95
15.34
14.52
13.39
11.81
10.58
9.34
8.71
8.08
7.45
6.82
6.19
5.56
5.14
5.04
4.79
4.33
3.67
3.01
2.25
0.66
-1.09
n=8
99.65
99.4
97.8
93.75
90.64
89.34
88.29
87.45
86.61
85.77
84.93
84.09
83.25
82.41
81.57
80.73
79.89
79.05
78.21
77.37
76.53
75.69
74.85
74.01
73.17
72.33
71.49
70.65
69.81
68.97
68.13
67.29
66.45
65.61
64.77
63.93
63.09
62.25
61.41
60.57
59.73
58.89
58.05
57.21
56.37
55.53
54.69
53.85
53.01
52.17
51.33
50.49
49.65
48.81
47.97
47.13
46.29
45.45
44.61
43.77
42.93
42.09
41.25
40.41
39.57
38.65
38.4
37.85
36.47
32.29
29.67
28.39
27.11
25.83
24.55
23.27
21.99
20.71
19.43
18.15
16.87
15.59
14.31
13.03
11.75
10.47
9.19
7.91
6.63
5.35
4.07
2.79
1.51
0.23
-1.05
n=9
99.65
99.4
97.8
93.75
90.64
89.34
88.29
87.45
86.61
85.77
84.93
84.09
83.25
82.41
81.57
80.73
79.89
79.05
78.21
77.37
76.53
75.69
74.85
74.01
73.17
72.33
71.49
70.65
69.81
68.97
68.13
67.29
66.45
65.61
64.77
63.93
63.09
62.25
61.41
60.57
59.73
58.89
58.05
57.21
56.37
55.53
54.69
53.85
53.01
52.17
51.33
50.49
49.65
48.81
47.97
47.13
46.29
45.45
44.61
43.77
42.93
42.09
41.25
40.41
39.57
38.65
38.4
38.15
36.97
34.34
32.02
31.14
30.51
29.88
29.25
28.62
27.99
27.36
26.73
26.1
25.47
24.84
24.21
23.58
22.95
22.32
21.69
21.06
20.43
19.8
19.17
18.54
17.91
17.28
16.65
16.02
15.71
15.25
14.39
13.02
11.99
10.95
9.72
8.49
7.86
7.23
6.6
5.97
5.34
4.71
4.19
3.94
3.39
2.73
1.56
0.7
0.04
-1.35
n=10
99.65
99.4
97.8
93.75
90.64
89.34
88.29
87.45
86.61
85.77
84.93
84.09
83.25
82.41
81.57
80.73
79.89
79.05
78.21
77.37
76.53
75.69
74.85
74.01
73.17
72.33
71.49
70.65
69.81
68.97
68.13
67.29
66.45
65.61
64.77
63.93
63.09
62.25
61.41
60.57
59.73
58.89
58.05
57.21
56.37
55.53
54.69
53.85
53.01
52.17
51.33
50.49
49.65
48.81
47.97
47.13
46.29
45.45
44.61
43.77
42.93
42.09
41.25
40.41
39.57
38.65
38.4
37.85
36.77
33.28
30.62
29.54
28.36
27.28
26.2
25.12
23.94
22.86
21.68
20.6
19.42
18.34
17.16
16.08
14.9
13.82
12.64
11.56
10.48
9.3
8.22
7.04
5.96
4.88
3.8
2.62
1.96
1.2
-0.48
n=11
99.65
99.4
97.8
93.75
90.64
89.34
88.29
87.45
86.61
85.77
84.93
84.09
83.25
82.41
81.57
80.73
79.89
79.05
78.21
77.37
76.53
75.69
74.85
74.01
73.17
72.33
71.49
70.65
69.81
68.97
68.13
67.29
66.45
65.61
64.77
63.93
63.09
62.25
61.41
60.57
59.73
58.89
58.05
57.21
56.37
55.53
54.69
53.85
53.01
52.17
51.33
50.49
49.65
48.81
47.97
47.13
46.29
45.45
44.61
43.77
42.93
42.09
41.25
40.41
39.57
38.65
38.4
38.15
36.97
34.34
32.02
31.14
30.51
29.88
29.25
28.62
27.99
27.36
26.73
26.1
25.47
24.84
24.21
23.58
22.95
22.32
21.69
21.06
20.43
19.8
19.17
18.54
17.91
17.28
16.65
16.02
15.71
14.95
14.34
13.51
12.38
10.8
9.57
8.23
7.35
6.72
6.09
5.46
4.83
4.2
3.78
3.68
3.43
2.97
2.31
1.65
0.89
-0.7
n=12
99.65
99.1
97.3
92.94
89.53
87.83
86.13
84.64
83.15
81.66
80.17
78.68
77.19
75.7
74.21
72.72
71.23
69.74
68.25
66.76
65.27
63.78
62.29
60.8
59.31
57.82
56.33
54.84
53.35
51.86
50.37
48.88
47.39
45.9
44.41
42.92
41.43
39.94
38.45
36.96
35.47
33.98
32.49
31.0
29.51
28.02
26.53
25.04
23.55
22.06
20.57
19.08
17.59
16.1
14.61
13.12
11.63
10.14
8.65
7.16
5.67
4.18
2.69
1.2
-0.39
n=13
99.65
99.1
97.3
91.7
88.29
86.59
84.89
83.4
81.91
80.42
78.93
77.44
75.95
74.46
72.97
71.48
69.99
68.5
67.01
65.52
64.03
62.54
61.05
59.56
58.07
56.58
55.09
53.6
52.11
50.62
49.13
47.64
46.15
44.66
43.17
41.68
40.19
38.7
37.21
35.72
34.23
32.74
31.25
29.76
28.27
26.78
25.29
23.8
22.31
20.82
19.33
17.84
16.35
14.86
13.37
11.88
10.39
8.9
7.41
5.92
4.43
2.94
1.45
-0.04
n=14
99.65
99.1
97.3
92.63
89.22
87.52
85.82
84.33
82.84
81.35
79.86
78.37
76.88
75.39
73.9
72.41
70.92
69.43
67.94
66.45
64.96
63.47
61.98
60.49
59.0
57.51
56.02
54.53
53.04
51.55
50.06
48.57
47.08
45.59
44.1
42.61
41.12
39.63
38.14
36.65
35.16
33.67
32.18
30.69
29.2
27.71
26.22
24.73
23.24
21.75
20.26
18.77
17.28
15.79
14.3
12.81
11.32
9.83
8.34
6.85
5.36
3.87
2.38
0.89
-0.7
n=15
99.65
99.1
97.3
93.25
89.94
88.44
87.39
86.55
85.71
84.87
84.03
83.19
82.35
81.51
80.67
79.83
78.99
78.15
77.31
76.47
75.63
74.79
73.95
73.11
72.27
71.43
70.59
69.75
68.91
68.07
67.23
66.39
65.55
64.71
63.87
63.03
62.19
61.35
60.51
59.67
58.83
57.99
57.15
56.31
55.47
54.63
53.79
52.95
52.11
51.27
50.43
49.59
48.75
47.91
47.07
46.23
45.39
44.55
43.71
42.87
42.03
41.19
40.35
39.51
38.67
37.85
37.75
37.5
36.32
33.69
31.37
30.49
29.86
29.23
28.6
27.97
27.34
26.71
26.08
25.45
24.82
24.19
23.56
22.93
22.3
21.67
21.04
20.41
19.78
19.15
18.52
17.89
17.26
16.63
16.0
15.37
15.06
14.6
13.74
12.37
10.89
9.31
7.32
5.64
4.46
3.38
2.3
1.22
0.04
-1.04
