n=1
99.35
97.55
94.07
89.88
87.62
85.78
83.34
82.12
81.5
80.88
80.26
79.64
79.02
78.4
77.78
77.16
76.54
75.92
75.3
74.68
74.06
73.44
72.82
72.2
71.58
70.96
70.34
69.72
69.1
68.48
67.86
67.24
66.62
66.0
65.38
64.76
64.14
63.52
62.9
62.28
61.66
61.04
60.42
59.8
59.18
58.56
57.94
57.32
56.7
56.08
55.46
54.84
54.22
53.6
52.98
52.36
51.74
51.12
50.5
49.88
49.26
48.64
48.02
47.4
46.78
46.16
45.54
44.92
44.3
43.68
43.06
42.44
41.82
41.2
40.58
39.96
39.34
38.72
38.1
37.48
36.86
36.24
35.62
35.0
34.38
33.76
33.14
32.52
31.9
31.28
30.66
30.04
29.42
28.8
28.18
27.56
26.94
26.32
25.7
25.08
24.46
23.84
23.22
22.6
21.98
21.36
20.74
20.12
19.5
18.88
18.26
17.64
17.02
16.4
15.78
15.16
14.54
13.92
13.3
12.68
12.06
11.44
10.82
10.2
9.58
8.96
8.34
7.72
7.1
6.48
5.86
5.24
4.62
4.0
3.38
2.76
2.14
1.52
0.9
0.28
-0.34
n=4
99.35
97.55
95.0
91.64
89.03
87.71
86.08
85.05
84.63
84.21
83.79
83.37
82.95
82.53
82.11
81.69
81.27
80.85
80.43
80.01
79.59
79.17
78.75
78.33
77.91
77.49
77.07
76.65
76.23
75.81
75.39
74.97
74.55
74.13
73.71
73.29
72.87
72.45
72.03
71.61
71.19
70.77
70.35
69.93
69.51
69.09
68.67
68.25
67.83
67.41
66.99
66.57
66.15
65.73
65.31
64.89
64.47
64.05
63.63
63.21
62.79
62.37
61.95
61.53
61.11
60.69
60.27
59.85
59.43
59.01
58.59
58.17
57.75
57.33
56.91
56.49
56.07
55.65
55.23
54.81
54.39
53.97
53.55
53.13
52.71
52.29
51.87
51.45
51.03
50.61
50.19
49.77
49.35
48.93
48.51
48.09
47.67
47.25
46.83
46.41
45.99
45.57
45.15
44.73
44.31
43.89
43.47
43.05
42.63
42.21
41.79
41.37
40.95
40.53
40.11
39.69
39.27
38.85
38.43
38.01
37.59
37.17
36.75
36.33
35.91
35.49
35.07
34.65
34.23
33.81
33.39
32.97
32.55
32.13
31.71
31.29
30.87
30.45
30.03
29.61
29.19
28.77
28.56
27.95
26.9
25.74
24.58
23.42
22.26
21.1
19.94
18.78
17.62
16.46
15.3
14.14
12.98
11.82
10.66
9.5
8.34
7.18
6.02
4.86
3.7
2.54
1.38
0.22
-0.94
n=7
99.35
97.55
95.0
91.64
89.03
87.71
86.08
85.05
84.63
84.21
83.79
83.37
82.95
82.53
82.11
81.69
81.27
80.85
80.43
80.01
79.59
79.17
78.75
78.33
77.91
77.49
77.07
76.65
76.23
75.81
75.39
74.97
74.55
74.13
73.71
73.29
72.87
72.45
72.03
71.61
71.19
70.77
70.35
69.93
69.51
69.09
68.67
68.25
67.83
67.41
66.99
66.57
66.15
65.73
65.31
64.89
64.47
64.05
63.63
63.21
62.79
62.37
61.95
61.53
61.11
60.69
60.27
59.85
59.43
59.01
58.59
58.17
57.75
57.33
56.91
56.49
56.07
55.65
55.23
54.81
54.39
53.97
53.55
53.13
52.71
52.29
51.87
51.45
51.03
50.61
50.19
49.77
49.35
48.93
48.51
48.09
47.67
47.25
46.83
46.41
45.99
45.57
45.15
44.73
44.31
43.89
43.47
43.05
42.63
42.21
41.79
41.37
40.95
40.53
40.11
39.69
39.27
38.85
38.43
38.01
37.59
37.17
36.75
36.33
35.91
35.49
35.07
34.65
34.23
33.81
33.39
32.97
32.55
32.13
31.71
31.29
30.87
30.45
30.03
29.61
29.19
28.77
27.91
27.0
26.3
25.39
24.48
23.57
22.66
21.75
20.84
19.93
19.02
18.11
17.2
16.29
15.38
14.47
13.56
12.65
11.74
10.83
9.92
9.01
8.1
7.19
6.28
5.37
4.46
3.55
2.85
2.15
1.45
0.75
0.05
-0.65
n=10
99.35
97.55
95.0
91.64
89.03
87.71
86.08
85.05
84.63
84.21
83.79
83.37
82.95
82.53
82.11
81.69
81.27
80.85
80.43
80.01
79.59
79.17
78.75
78.33
77.91
77.49
77.07
76.65
76.23
75.81
75.39
74.97
74.55
74.13
73.71
73.29
72.87
72.45
72.03
71.61
71.19
70.77
70.35
69.93
69.51
69.09
68.67
68.25
67.83
67.41
66.99
66.57
66.15
65.73
65.31
64.89
64.47
64.05
63.63
63.21
62.79
62.37
61.95
61.53
61.11
60.69
60.27
59.85
59.43
59.01
58.59
58.17
57.75
57.33
56.91
56.49
56.07
55.65
55.23
54.81
54.39
53.97
53.55
53.13
52.71
52.29
51.87
51.45
51.03
50.61
50.19
49.77
49.35
48.93
48.51
48.09
47.67
47.25
46.83
46.41
45.99
45.57
45.15
44.73
44.31
43.89
43.47
43.05
42.63
42.21
41.79
41.37
40.95
40.53
40.11
39.69
39.27
38.85
38.43
38.01
37.59
37.17
36.75
36.33
35.91
35.49
35.07
34.65
34.23
33.81
33.39
32.97
32.55
32.13
31.71
31.29
30.87
30.45
30.03
29.61
29.19
28.77
27.91
27.0
26.3
25.39
24.48
23.57
22.66
21.75
20.84
19.93
19.02
18.11
17.2
16.29
15.38
14.47
13.56
12.65
11.74
10.83
9.92
9.01
8.1
7.19
6.28
5.37
4.46
3.55
2.85
2.15
1.45
0.75
0.05
-0.65
n=13
99.35
97.55
94.38
90.5
88.24
86.71
84.58
83.36
82.74
82.12
81.5
80.88
80.26
79.64
79.02
78.4
77.78
77.16
76.54
75.92
75.3
74.68
74.06
73.44
72.82
72.2
71.58
70.96
70.34
69.72
69.1
68.48
67.86
67.24
66.62
66.0
65.38
64.76
64.14
63.52
62.9
62.28
61.66
61.04
60.42
59.8
59.18
58.56
57.94
57.32
56.7
56.08
55.46
54.84
54.22
53.6
52.98
52.36
51.74
51.12
50.5
49.88
49.26
48.64
48.02
47.4
46.78
46.16
45.54
44.92
44.3
43.68
43.06
42.44
41.82
41.2
40.58
39.96
39.34
38.72
38.1
37.48
36.86
36.24
35.62
35.0
34.38
33.76
33.14
32.52
31.9
31.28
30.66
30.04
29.42
28.8
28.18
27.56
26.94
26.32
25.7
25.08
24.46
23.84
23.22
22.6
21.98
21.36
20.74
20.12
19.5
18.88
18.26
17.64
17.02
16.4
15.78
15.16
14.54
13.92
13.3
12.68
12.06
11.44
10.82
10.2
9.58
8.96
8.34
7.72
7.1
6.48
5.86
5.24
4.62
4.0
3.38
2.76
2.14
1.52
0.9
0.28
-0.58
