n=1
99.35
95.45
88.8
79.34
72.63
69.27
64.0
59.93
58.07
56.81
55.55
54.29
53.03
51.77
50.51
49.25
47.99
46.73
45.47
44.21
42.95
41.69
40.43
39.17
37.91
36.65
35.39
34.13
32.87
31.61
30.35
29.09
27.83
26.57
25.31
24.05
22.79
21.53
20.27
19.01
17.75
16.49
15.23
13.97
12.71
11.45
10.19
9.35
7.71
6.26
3.66
-0.0
n=2
99.35
95.45
88.8
79.34
72.63
69.27
64.0
59.93
58.07
56.81
55.55
54.29
53.03
51.77
50.51
49.25
47.99
46.73
45.47
44.21
42.95
41.69
40.43
39.17
37.91
36.65
35.39
34.13
32.87
31.61
30.35
29.09
27.83
26.57
25.31
24.05
22.79
21.53
20.27
19.01
17.75
16.49
15.23
13.97
12.71
11.45
10.19
9.35
7.71
6.26
3.66
-0.0
n=3
99.35
95.45
88.49
78.72
72.01
68.65
63.38
59.31
57.45
56.19
54.93
53.67
52.41
51.15
49.89
48.63
47.37
46.11
44.85
43.59
42.33
41.07
39.81
38.55
37.29
36.03
34.77
33.51
32.25
30.99
29.73
28.47
27.21
25.95
24.69
23.43
22.17
20.91
19.65
18.39
17.13
15.87
14.61
13.35
12.09
10.83
9.57
8.08
6.14
5.04
2.89
-0.26
n=4
99.35
95.45
88.8
79.34
72.63
69.27
64.0
59.93
58.07
56.81
55.55
54.29
53.03
51.77
50.51
49.25
47.99
46.73
45.47
44.21
42.95
41.69
40.43
39.17
37.91
36.65
35.39
34.13
32.87
31.61
30.35
29.09
27.83
26.57
25.31
24.05
22.79
21.53
20.27
19.01
17.75
16.49
15.23
13.97
12.71
11.45
10.19
8.7
6.76
5.66
3.51
0.36
-3.79
n=5
99.35
95.45
88.18
78.2
71.84
68.27
62.5
57.93
55.87
54.41
52.95
51.49
50.03
48.57
47.11
45.65
44.19
42.73
41.27
39.81
38.35
36.89
35.43
33.97
32.51
31.05
29.59
28.13
26.67
25.21
23.75
22.29
20.83
19.37
17.91
16.45
14.99
13.53
12.07
10.61
9.15
7.69
6.23
4.77
3.31
1.85
0.39
-0.65
n=6
99.35
95.45
88.18
78.2
71.84
68.27
62.5
58.24
56.18
54.72
53.26
51.8
50.34
48.88
47.42
45.96
44.5
43.04
41.58
40.12
38.66
37.2
35.74
34.28
32.82
31.36
29.9
28.44
26.98
25.52
24.06
22.6
21.14
19.68
18.22
16.76
15.3
13.84
12.38
10.92
9.46
8.0
6.54
5.08
3.62
2.16
0.7
-0.34
n=7
99.35
95.45
88.18
78.2
71.84
67.31
60.62
56.04
53.97
52.51
51.05
49.59
48.13
46.67
45.21
43.75
42.29
40.83
39.37
37.91
36.45
34.99
33.53
32.07
30.61
29.15
27.69
26.23
24.77
23.31
21.85
20.39
18.93
17.47
16.01
14.55
13.09
11.63
10.17
8.71
7.25
5.79
4.33
2.87
1.41
-0.05
n=8
99.35
95.45
88.18
78.2
71.84
67.31
60.62
56.04
53.97
52.51
51.05
49.59
48.13
46.67
45.21
43.75
42.29
40.83
39.37
37.91
36.45
34.99
33.53
32.07
30.61
29.15
27.69
26.23
24.77
23.31
21.85
20.39
18.93
17.47
16.01
14.55
13.09
11.63
10.17
8.71
7.25
5.79
4.33
2.87
1.41
-0.05
n=9
99.35
95.45
88.8
79.34
72.63
69.27
63.35
59.28
57.41
56.15
54.89
53.63
52.37
51.11
49.85
48.59
47.33
46.07
44.81
43.55
42.29
41.03
39.77
38.51
37.25
35.99
34.73
33.47
32.21
30.95
29.69
28.43
27.17
25.91
24.65
23.39
22.13
20.87
19.61
18.35
17.09
15.83
14.57
13.31
12.05
10.79
9.53
8.69
7.05
5.6
3.0
-0.97
n=10
99.35
95.45
88.18
78.2
71.84
68.27
62.5
58.24
56.18
54.72
53.26
51.8
50.34
48.88
47.42
45.96
44.5
43.04
41.58
40.12
38.66
37.2
35.74
34.28
32.82
31.36
29.9
28.44
26.98
25.52
24.06
22.6
21.14
19.68
18.22
16.76
15.3
13.84
12.38
10.92
9.46
8.0
6.54
5.08
3.62
2.16
0.7
-0.34
n=11
99.35
95.45
88.18
78.2
71.84
68.27
62.5
58.24
56.18
54.72
53.26
51.8
50.34
48.88
47.42
45.96
44.5
43.04
41.58
40.12
38.66
37.2
35.74
34.28
32.82
31.36
29.9
28.44
26.98
25.52
24.06
22.6
21.14
19.68
18.22
16.76
15.3
13.84
12.38
10.92
9.46
8.0
6.54
5.08
3.62
2.16
0.7
-0.34
n=12
99.35
95.45
88.8
79.34
72.63
69.27
64.0
59.93
58.07
56.81
55.55
54.29
53.03
51.77
50.51
49.25
47.99
46.73
45.47
44.21
42.95
41.69
40.43
39.17
37.91
36.65
35.39
34.13
32.87
31.61
30.35
29.09
27.83
26.57
25.31
24.05
22.79
21.53
20.27
19.01
17.75
16.49
15.23
13.97
12.71
11.45
10.19
8.7
6.76
5.66
3.51
0.36
-3.79
n=13
99.35
95.45
88.49
78.72
72.01
68.65
63.38
59.31
57.45
56.19
54.93
53.67
52.41
51.15
49.89
48.63
47.37
46.11
44.85
43.59
42.33
41.07
39.81
38.55
37.29
36.03
34.77
33.51
32.25
30.99
29.73
28.47
27.21
25.95
24.69
23.43
22.17
20.91
19.65
18.39
17.13
15.87
14.61
13.35
12.09
10.83
9.57
8.08
6.14
5.04
2.89
-0.26
n=14
99.35
95.45
88.49
78.72
72.01
68.34
62.76
58.69
56.83
55.57
54.31
53.05
51.79
50.53
49.27
48.01
46.75
45.49
44.23
42.97
41.71
40.45
39.19
37.93
36.67
35.41
34.15
32.89
31.63
30.37
29.11
27.85
26.59
25.33
24.07
22.81
21.55
20.29
19.03
17.77
16.51
15.25
13.99
12.73
11.47
10.21
8.95
8.11
6.47
5.02
2.42
-1.24
n=15
99.35
95.45
88.8
79.34
72.63
69.27
64.0
59.93
58.07
56.81
55.55
54.29
53.03
51.77
50.51
49.25
47.99
46.73
45.47
44.21
42.95
41.69
40.43
39.17
37.91
36.65
35.39
34.13
32.87
31.61
30.35
29.09
27.83
26.57
25.31
24.05
22.79
21.53
20.27
19.01
17.75
16.49
15.23
13.97
12.71
11.45
10.19
9.35
7.71
6.26
3.66
0.31
-3.85
