n=1
99.35
95.45
88.55
78.84
72.13
68.32
62.6
58.68
56.97
55.46
53.95
52.44
50.93
49.42
47.91
46.4
44.89
43.38
41.87
40.36
38.85
37.34
35.83
34.32
32.81
31.3
29.79
28.28
26.77
25.26
23.75
22.24
20.73
19.22
17.71
16.2
14.69
13.18
11.67
10.16
8.65
7.14
4.81
1.58
-3.77
n=2
99.35
95.45
88.55
78.84
72.13
68.32
62.6
58.68
56.97
55.46
53.95
52.44
50.93
49.42
47.91
46.4
44.89
43.38
41.87
40.36
38.85
37.34
35.83
34.32
32.81
31.3
29.79
28.28
26.77
25.26
23.75
22.24
20.73
19.22
17.71
16.2
14.69
13.18
11.67
10.16
8.65
7.14
4.81
1.27
-4.39
n=3
99.35
95.45
88.24
78.22
71.51
67.39
61.36
57.44
55.73
54.22
52.71
51.2
49.69
48.18
46.67
45.16
43.65
42.14
40.63
39.12
37.61
36.1
34.59
33.08
31.57
30.06
28.55
27.04
25.53
24.02
22.51
21.0
19.49
17.98
16.47
14.96
13.45
11.94
10.43
8.92
7.41
5.5
3.07
-0.16
n=4
99.35
95.45
88.55
78.84
72.13
68.32
62.6
58.68
56.97
55.46
53.95
52.44
50.93
49.42
47.91
46.4
44.89
43.38
41.87
40.36
38.85
37.34
35.83
34.32
32.81
31.3
29.79
28.28
26.77
25.26
23.75
22.24
20.73
19.22
17.71
16.2
14.69
13.18
11.67
10.16
8.65
6.74
4.31
1.08
-3.77
n=5
99.35
95.45
87.93
77.7
71.09
67.07
60.85
56.74
54.83
53.12
51.41
49.7
47.99
46.28
44.57
42.86
41.15
39.44
37.73
36.02
34.31
32.6
30.89
29.18
27.47
25.76
24.05
22.34
20.63
18.92
17.21
15.5
13.79
12.08
10.37
8.66
6.95
5.24
3.53
1.82
0.11
-1.6
n=6
99.35
95.45
87.93
77.7
71.09
67.07
60.85
56.74
54.83
53.12
51.41
49.7
47.99
46.28
44.57
42.86
41.15
39.44
37.73
36.02
34.31
32.6
30.89
29.18
27.47
25.76
24.05
22.34
20.63
18.92
17.21
15.5
13.79
12.08
10.37
8.66
6.95
5.24
3.53
1.82
0.11
-1.6
n=7
99.35
95.45
87.93
77.5
70.59
65.96
59.42
55.3
53.39
51.68
49.97
48.26
46.55
44.84
43.13
41.42
39.71
38.0
36.29
34.58
32.87
31.16
29.45
27.74
26.03
24.32
22.61
20.9
19.19
17.48
15.77
14.06
12.35
10.64
8.93
7.22
5.51
3.8
2.09
0.38
-1.33
n=8
99.35
95.45
87.93
77.7
70.89
66.26
59.43
55.31
53.39
51.68
49.97
48.26
46.55
44.84
43.13
41.42
39.71
38.0
36.29
34.58
32.87
31.16
29.45
27.74
26.03
24.32
22.61
20.9
19.19
17.48
15.77
14.06
12.35
10.64
8.93
7.22
5.51
3.8
2.09
0.38
-1.33
n=9
99.35
95.45
88.55
78.84
72.13
68.32
62.6
58.68
56.97
55.46
53.95
52.44
50.93
49.42
47.91
46.4
44.89
43.38
41.87
40.36
38.85
37.34
35.83
34.32
32.81
31.3
29.79
28.28
26.77
25.26
23.75
22.24
20.73
19.22
17.71
16.2
14.69
13.18
11.67
10.16
8.65
7.14
5.21
1.77
-4.2
n=10
99.35
95.45
87.93
77.7
71.09
67.07
60.85
56.74
54.83
53.12
51.41
49.7
47.99
46.28
44.57
42.86
41.15
39.44
37.73
36.02
34.31
32.6
30.89
29.18
27.47
25.76
24.05
22.34
20.63
18.92
17.21
15.5
13.79
12.08
10.37
8.66
6.95
5.24
3.53
1.82
0.11
-1.6
n=11
99.35
95.45
87.93
77.7
71.09
67.07
60.85
56.74
54.83
53.12
51.41
49.7
47.99
46.28
44.57
42.86
41.15
39.44
37.73
36.02
34.31
32.6
30.89
29.18
27.47
25.76
24.05
22.34
20.63
18.92
17.21
15.5
13.79
12.08
10.37
8.66
6.95
5.24
3.53
1.82
0.11
-1.6
n=12
99.35
95.45
88.55
78.84
72.13
68.32
62.6
58.68
56.97
55.46
53.95
52.44
50.93
49.42
47.91
46.4
44.89
43.38
41.87
40.36
38.85
37.34
35.83
34.32
32.81
31.3
29.79
28.28
26.77
25.26
23.75
22.24
20.73
19.22
17.71
16.2
14.69
13.18
11.67
10.16
8.65
6.74
4.31
1.08
-3.87
n=13
99.35
95.45
88.24
78.22
71.51
67.7
61.67
57.44
55.73
54.22
52.71
51.2
49.69
48.18
46.67
45.16
43.65
42.14
40.63
39.12
37.61
36.1
34.59
33.08
31.57
30.06
28.55
27.04
25.53
24.02
22.51
21.0
19.49
17.98
16.47
14.96
13.45
11.94
10.43
8.92
7.41
5.5
3.07
-0.16
n=14
99.35
95.45
88.24
78.22
71.51
67.39
61.36
57.44
55.73
54.22
52.71
51.2
49.69
48.18
46.67
45.16
43.65
42.14
40.63
39.12
37.61
36.1
34.59
33.08
31.57
30.06
28.55
27.04
25.53
24.02
22.51
21.0
19.49
17.98
16.47
14.96
13.45
11.94
10.43
8.92
7.41
5.9
3.57
-0.28
n=15
99.35
95.45
88.55
78.84
72.13
68.32
62.6
58.68
56.97
55.46
53.95
52.44
50.93
49.42
47.91
46.4
44.89
43.38
41.87
40.36
38.85
37.34
35.83
34.32
32.81
31.3
29.79
28.28
26.77
25.26
23.75
22.24
20.73
19.22
17.71
16.2
14.69
13.18
11.67
10.16
8.65
7.14
4.81
1.58
-3.46
