n=1
99.35
95.87
89.79
81.3
75.41
72.01
66.7
62.79
60.89
58.99
57.09
55.38
53.68
51.58
49.88
48.38
46.48
44.58
42.87
41.17
39.07
37.37
35.87
33.97
32.07
30.36
28.66
26.56
24.86
23.36
21.46
19.56
17.85
16.15
14.05
12.35
11.26
10.17
9.08
7.59
5.37
1.33
-3.82
n=2
99.35
95.87
88.86
79.54
73.75
69.83
63.71
59.61
57.51
55.41
53.31
51.4
49.5
47.2
45.3
43.6
41.5
39.4
37.49
35.59
33.29
31.39
29.69
27.59
25.49
23.58
21.68
19.38
17.48
15.78
13.68
11.58
9.67
7.77
5.47
3.57
2.28
0.99
-0.3
n=3
99.35
95.87
89.79
81.3
75.41
72.01
66.7
62.79
60.89
58.99
57.09
55.38
53.68
51.58
49.88
48.38
46.48
44.58
42.87
41.17
39.07
37.37
35.87
33.97
32.07
30.36
28.66
26.56
24.86
23.36
21.46
19.56
17.85
16.15
14.05
12.35
11.26
10.17
9.08
7.59
5.37
1.64
-3.51
n=4
99.35
95.87
89.17
80.16
74.37
70.76
64.95
60.85
58.75
56.65
54.55
52.64
50.74
48.44
46.54
44.84
42.74
40.64
38.73
36.83
34.53
32.63
30.93
28.83
26.73
24.82
22.92
20.62
18.72
17.02
14.92
12.82
10.91
9.01
6.71
4.81
3.52
2.23
0.94
-0.55
n=5
99.35
95.87
89.48
80.68
74.79
71.08
65.46
61.15
58.44
55.73
53.52
51.5
49.19
46.77
44.66
42.35
39.64
37.43
35.41
33.1
30.68
28.57
26.26
23.55
21.34
19.32
17.01
14.59
12.48
10.17
7.46
5.25
3.23
0.92
-1.5
n=6
99.35
95.87
89.17
80.16
74.17
69.95
63.53
59.42
57.31
55.21
53.11
51.2
49.3
47.0
45.1
43.4
41.3
39.2
37.29
35.39
33.09
31.19
29.49
27.39
25.29
23.38
21.48
19.18
17.28
15.58
13.48
11.38
9.47
7.57
5.27
3.37
2.08
0.79
-0.5
n=7
99.35
95.87
89.79
81.3
75.41
72.01
66.7
62.79
60.89
58.99
57.09
55.38
53.68
51.58
49.88
48.38
46.48
44.58
42.87
41.17
39.07
37.37
35.87
33.97
32.07
30.36
28.66
26.56
24.86
23.36
21.46
19.56
17.85
16.15
14.05
12.35
11.26
10.17
9.08
7.59
5.37
1.95
-2.68
n=8
99.35
95.87
89.17
80.16
74.17
69.95
63.53
59.42
57.31
55.21
53.11
51.2
49.3
47.0
45.1
43.4
41.3
39.2
37.29
35.39
33.09
31.19
29.49
27.39
25.29
23.38
21.48
19.18
17.28
15.58
13.48
11.38
9.47
7.57
5.27
3.37
2.08
0.79
-0.5
n=9
99.35
95.87
89.48
80.58
74.49
70.58
64.66
60.45
58.25
56.03
53.41
51.2
48.69
45.97
43.96
42.16
39.94
37.32
35.11
32.6
29.88
27.87
26.07
23.85
21.23
19.02
16.51
13.79
11.78
9.98
7.76
5.14
2.93
0.42
-2.3
n=10
99.35
95.87
89.48
80.68
74.79
71.39
65.77
61.55
59.65
57.75
55.85
54.14
52.44
50.34
48.64
47.14
45.24
43.34
41.63
39.93
37.83
36.13
34.63
32.73
30.83
29.12
27.42
25.32
23.62
22.12
20.22
18.32
16.61
14.91
12.81
11.11
10.02
8.93
7.84
6.35
4.13
0.4
-4.54
n=11
99.35
95.87
89.79
81.3
75.41
72.01
66.7
62.79
60.89
58.99
57.09
55.38
53.68
51.58
49.88
48.38
46.48
44.58
42.87
41.17
39.07
37.37
35.87
33.97
32.07
30.36
28.66
26.56
24.86
23.36
21.46
19.56
17.85
16.15
14.05
12.35
11.26
10.17
9.08
7.59
5.37
1.95
-2.68
n=12
99.35
95.87
89.48
80.68
74.79
71.39
65.77
61.55
59.65
57.75
55.85
54.14
52.44
50.34
48.64
47.14
45.24
43.34
41.63
39.93
37.83
36.13
34.63
32.73
30.83
29.12
27.42
25.32
23.62
22.12
20.22
18.32
16.61
14.91
12.81
11.11
10.02
8.93
7.84
6.35
4.13
0.71
-4.22
n=13
99.35
95.87
89.79
81.3
75.41
72.01
66.7
62.79
60.89
58.99
57.09
55.38
53.68
51.58
49.88
48.38
46.48
44.58
42.87
41.17
39.07
37.37
35.87
33.97
32.07
30.36
28.66
26.56
24.86
23.36
21.46
19.56
17.85
16.15
14.05
12.35
11.26
10.17
9.08
7.99
5.87
1.83
-3.61
