n=1
99.35
96.5
90.41
82.61
78.05
74.63
70.01
67.52
66.23
64.94
63.65
62.36
61.07
59.78
58.49
57.2
55.91
54.62
53.33
52.04
50.75
49.46
48.17
46.88
45.59
44.3
43.01
41.72
40.43
39.14
37.85
36.56
35.27
33.98
32.69
31.4
30.11
28.82
27.53
26.24
24.95
23.66
22.37
21.08
19.79
18.5
17.21
15.92
14.63
13.34
12.05
10.76
9.47
8.18
6.89
5.6
4.31
3.02
1.73
0.44
-0.85
n=2
99.35
96.5
91.03
83.85
79.29
76.49
72.49
70.0
68.71
67.42
66.13
64.84
63.55
62.26
60.97
59.68
58.39
57.1
55.81
54.52
53.23
51.94
50.65
49.36
48.07
46.78
45.49
44.2
42.91
41.62
40.33
39.04
37.75
36.46
35.17
33.88
32.59
31.3
30.01
28.72
27.43
26.14
24.85
23.56
22.27
20.98
19.69
18.4
17.11
15.82
14.53
13.24
11.95
10.66
9.37
8.08
6.79
5.5
4.21
2.92
1.63
0.34
-1.37
n=4
99.35
96.5
91.65
84.99
80.33
77.74
74.24
71.94
70.85
69.76
68.67
67.58
66.49
65.4
64.31
63.22
62.13
61.04
59.95
58.86
57.77
56.68
55.59
54.5
53.41
52.32
51.23
50.14
49.05
47.96
46.87
45.78
44.69
43.6
42.51
41.42
40.33
39.24
38.15
37.06
35.97
34.88
33.79
32.7
31.61
30.52
29.43
28.34
27.25
26.16
25.07
23.98
22.89
21.8
20.71
19.62
18.53
17.44
16.35
15.26
14.17
13.08
11.57
8.86
6.05
2.84
-0.46
n=5
99.35
96.5
91.65
84.99
80.33
77.74
74.24
71.94
70.85
69.76
68.67
67.58
66.49
65.4
64.31
63.22
62.13
61.04
59.95
58.86
57.77
56.68
55.59
54.5
53.41
52.32
51.23
50.14
49.05
47.96
46.87
45.78
44.69
43.6
42.51
41.42
40.33
39.24
38.15
37.06
35.97
34.88
33.79
32.7
31.61
30.52
29.43
28.34
27.25
26.16
25.07
23.98
22.89
21.8
20.71
19.62
18.53
17.44
16.35
15.26
14.17
13.08
11.57
8.86
6.05
2.84
-0.15
n=7
99.35
96.5
91.65
84.99
80.33
77.74
74.24
71.94
70.85
69.76
68.67
67.58
66.49
65.4
64.31
63.22
62.13
61.04
59.95
58.86
57.77
56.68
55.59
54.5
53.41
52.32
51.23
50.14
49.05
47.96
46.87
45.78
44.69
43.6
42.51
41.42
40.33
39.24
38.15
37.06
35.97
34.88
33.79
32.7
31.61
30.52
29.43
28.34
27.25
26.16
25.07
23.98
22.89
21.8
20.71
19.62
18.53
17.44
16.35
15.26
14.17
12.68
10.67
7.86
4.95
1.94
-1.04
n=8
99.35
96.5
91.65
84.99
80.33
77.74
74.24
71.94
70.85
69.76
68.67
67.58
66.49
65.4
64.31
63.22
62.13
61.04
59.95
58.86
57.77
56.68
55.59
54.5
53.41
52.32
51.23
50.14
49.05
47.96
46.87
45.78
44.69
43.6
42.51
41.42
40.33
39.24
38.15
37.06
35.97
34.88
33.79
32.7
31.61
30.52
29.43
28.34
27.25
26.16
25.07
23.98
22.89
21.8
20.71
19.62
18.53
17.44
16.35
15.26
14.17
12.68
10.67
7.86
5.24
1.6
-2.31
n=10
99.35
96.5
91.65
84.99
80.33
77.74
74.24
71.94
70.85
69.76
68.67
67.58
66.49
65.4
64.31
63.22
62.13
61.04
59.95
58.86
57.77
56.68
55.59
54.5
53.41
52.32
51.23
50.14
49.05
47.96
46.87
45.78
44.69
43.6
42.51
41.42
40.33
39.24
38.15
37.06
35.97
34.88
33.79
32.7
31.61
30.52
29.43
28.34
27.25
26.16
25.07
23.98
22.89
21.8
20.71
19.62
18.53
17.44
16.35
15.26
14.17
13.08
11.57
8.55
5.43
1.91
-1.6
n=11
99.35
96.5
91.65
84.99
80.33
77.74
74.24
71.94
70.85
69.76
68.67
67.58
66.49
65.4
64.31
63.22
62.13
61.04
59.95
58.86
57.77
56.68
55.59
54.5
53.41
52.32
51.23
50.14
49.05
47.96
46.87
45.78
44.69
43.6
42.51
41.42
40.33
39.24
38.15
37.06
35.97
34.88
33.79
32.7
31.61
30.52
29.43
28.34
27.25
26.16
25.07
23.98
22.89
21.8
20.71
19.62
18.53
17.44
16.35
15.26
14.17
12.68
10.67
7.86
4.95
1.94
-1.04
n=13
99.35
96.5
91.03
83.85
79.29
76.49
72.49
70.0
68.71
67.42
66.13
64.84
63.55
62.26
60.97
59.68
58.39
57.1
55.81
54.52
53.23
51.94
50.65
49.36
48.07
46.78
45.49
44.2
42.91
41.62
40.33
39.04
37.75
36.46
35.17
33.88
32.59
31.3
30.01
28.72
27.43
26.14
24.85
23.56
22.27
20.98
19.69
18.4
17.11
15.82
14.53
13.24
11.95
10.66
9.37
8.08
6.79
5.5
4.21
2.92
1.63
0.34
-1.37
n=14
99.35
96.5
91.03
83.85
79.29
76.49
72.49
70.0
68.71
67.42
66.13
64.84
63.55
62.26
60.97
59.68
58.39
57.1
55.81
54.52
53.23
51.94
50.65
49.36
48.07
46.78
45.49
44.2
42.91
41.62
40.33
39.04
37.75
36.46
35.17
33.88
32.59
31.3
30.01
28.72
27.43
26.14
24.85
23.56
22.27
20.98
19.69
18.4
17.11
15.82
14.53
13.24
11.95
10.66
9.37
8.08
6.79
5.5
4.21
2.92
1.63
0.14
-1.87
