n=1
99.35
95.45
86.69
75.22
68.61
63.38
55.55
51.87
50.79
49.71
48.63
47.55
46.47
45.39
44.31
43.23
42.15
41.07
39.99
38.91
37.83
36.75
35.67
34.59
33.51
32.43
31.35
30.27
29.19
28.11
27.03
25.95
24.87
23.79
22.71
21.63
20.55
19.47
18.39
17.31
16.23
15.15
14.07
12.99
11.91
10.83
9.75
8.67
7.59
6.51
5.43
4.35
3.27
2.19
1.11
0.03
-1.05
n=2
99.35
95.45
88.55
78.84
72.13
68.35
62.26
58.77
57.89
57.01
56.13
55.25
54.37
53.49
52.61
51.73
50.85
49.97
49.09
48.21
47.33
46.45
45.57
44.69
43.81
42.93
42.05
41.17
40.29
39.41
38.53
37.65
36.77
35.89
35.01
34.13
33.25
32.37
31.49
30.61
29.73
28.85
27.97
27.09
26.21
25.33
24.45
23.57
22.69
21.81
20.93
20.05
19.17
18.29
17.41
16.53
15.65
14.77
12.65
8.71
2.94
-2.64
n=3
99.35
95.45
88.24
78.22
71.51
67.42
61.02
57.53
56.65
55.77
54.89
54.01
53.13
52.25
51.37
50.49
49.61
48.73
47.85
46.97
46.09
45.21
44.33
43.45
42.57
41.69
40.81
39.93
39.05
38.17
37.29
36.41
35.53
34.65
33.77
32.89
32.01
31.13
30.25
29.37
28.49
27.61
26.73
25.85
24.97
24.09
23.21
22.33
21.45
20.57
19.69
18.81
17.93
17.05
16.17
15.29
14.41
13.53
11.81
7.66
1.58
-4.09
n=4
99.35
95.45
88.55
78.84
72.13
68.35
62.26
58.77
57.89
57.01
56.13
55.25
54.37
53.49
52.61
51.73
50.85
49.97
49.09
48.21
47.33
46.45
45.57
44.69
43.81
42.93
42.05
41.17
40.29
39.41
38.53
37.65
36.77
35.89
35.01
34.13
33.25
32.37
31.49
30.61
29.73
28.85
27.97
27.09
26.21
25.33
24.45
23.57
22.69
21.81
20.93
20.05
19.17
18.29
17.41
16.53
15.65
14.77
13.05
9.52
4.06
-1.61
n=5
99.35
95.45
88.55
78.84
72.13
68.35
62.26
58.77
57.89
57.01
56.13
55.25
54.37
53.49
52.61
51.73
50.85
49.97
49.09
48.21
47.33
46.45
45.57
44.69
43.81
42.93
42.05
41.17
40.29
39.41
38.53
37.65
36.77
35.89
35.01
34.13
33.25
32.37
31.49
30.61
29.73
28.85
27.97
27.09
26.21
25.33
24.45
23.57
22.69
21.81
20.93
20.05
19.17
18.29
17.41
16.53
15.65
14.77
13.05
9.52
4.06
-1.61
n=6
99.35
95.45
88.55
78.84
72.13
68.35
62.26
58.77
57.89
57.01
56.13
55.25
54.37
53.49
52.61
51.73
50.85
49.97
49.09
48.21
47.33
46.45
45.57
44.69
43.81
42.93
42.05
41.17
40.29
39.41
38.53
37.65
36.77
35.89
35.01
34.13
33.25
32.37
31.49
30.61
29.73
28.85
27.97
27.09
26.21
25.33
24.45
23.57
22.69
21.81
20.93
20.05
19.17
18.29
17.41
16.53
15.65
14.77
13.05
9.92
4.56
-1.42
n=7
99.35
95.45
88.55
78.84
72.13
68.35
62.26
58.77
57.89
57.01
56.13
55.25
54.37
53.49
52.61
51.73
50.85
49.97
49.09
48.21
47.33
46.45
45.57
44.69
43.81
42.93
42.05
41.17
40.29
39.41
38.53
37.65
36.77
35.89
35.01
34.13
33.25
32.37
31.49
30.61
29.73
28.85
27.97
27.09
26.21
25.33
24.45
23.57
22.69
21.81
20.93
20.05
19.17
18.29
17.41
16.53
15.65
14.77
13.05
9.52
4.06
-1.61
n=8
99.35
95.45
88.55
78.84
72.13
68.35
62.26
58.77
57.89
57.01
56.13
55.25
54.37
53.49
52.61
51.73
50.85
49.97
49.09
48.21
47.33
46.45
45.57
44.69
43.81
42.93
42.05
41.17
40.29
39.41
38.53
37.65
36.77
35.89
35.01
34.13
33.25
32.37
31.49
30.61
29.73
28.85
27.97
27.09
26.21
25.33
24.45
23.57
22.69
21.81
20.93
20.05
19.17
18.29
17.41
16.53
15.65
14.37
12.15
8.52
3.15
-2.53
n=9
99.35
95.45
87.31
76.46
69.85
65.24
58.03
54.35
53.27
52.19
51.11
50.03
48.95
47.87
46.79
45.71
44.63
43.55
42.47
41.39
40.31
39.23
38.15
37.07
35.99
34.91
33.83
32.75
31.67
30.59
29.51
28.43
27.35
26.27
25.19
24.11
23.03
21.95
20.87
19.79
18.71
17.63
16.55
15.47
14.39
13.31
12.23
11.15
10.07
8.99
7.91
6.83
5.75
4.67
3.59
2.51
1.43
0.15
-2.07
n=10
99.35
95.45
88.24
78.22
71.51
67.42
61.02
57.53
56.65
55.77
54.89
54.01
53.13
52.25
51.37
50.49
49.61
48.73
47.85
46.97
46.09
45.21
44.33
43.45
42.57
41.69
40.81
39.93
39.05
38.17
37.29
36.41
35.53
34.65
33.77
32.89
32.01
31.13
30.25
29.37
28.49
27.61
26.73
25.85
24.97
24.09
23.21
22.33
21.45
20.57
19.69
18.81
17.93
17.05
16.17
15.29
14.41
13.53
11.81
7.35
1.27
-4.4
n=11
99.35
95.45
88.55
78.84
72.13
68.35
62.26
58.77
57.89
57.01
56.13
55.25
54.37
53.49
52.61
51.73
50.85
49.97
49.09
48.21
47.33
46.45
45.57
44.69
43.81
42.93
42.05
41.17
40.29
39.41
38.53
37.65
36.77
35.89
35.01
34.13
33.25
32.37
31.49
30.61
29.73
28.85
27.97
27.09
26.21
25.33
24.45
23.57
22.69
21.81
20.93
20.05
19.17
18.29
17.41
16.53
15.65
14.37
12.15
8.52
3.15
-2.53
n=12
99.35
95.45
88.55
78.84
72.13
68.35
62.26
58.77
57.89
57.01
56.13
55.25
54.37
53.49
52.61
51.73
50.85
49.97
49.09
48.21
47.33
46.45
45.57
44.69
43.81
42.93
42.05
41.17
40.29
39.41
38.53
37.65
36.77
35.89
35.01
34.13
33.25
32.37
31.49
30.61
29.73
28.85
27.97
27.09
26.21
25.33
24.45
23.57
22.69
21.81
20.93
20.05
19.17
18.29
17.41
16.53
15.65
14.37
12.15
8.52
3.15
-2.53
n=13
99.35
95.45
87.93
77.5
70.59
65.99
59.08
55.39
54.31
53.23
52.15
51.07
49.99
48.91
47.83
46.75
45.67
44.59
43.51
42.43
41.35
40.27
39.19
38.11
37.03
35.95
34.87
33.79
32.71
31.63
30.55
29.47
28.39
27.31
26.23
25.15
24.07
22.99
21.91
20.83
19.75
18.67
17.59
16.51
15.43
14.35
13.27
12.19
11.11
10.03
8.95
7.87
6.79
5.71
4.63
3.55
2.47
1.39
-0.53
n=14
99.35
95.45
88.55
78.84
72.13
68.35
62.26
58.77
57.89
57.01
56.13
55.25
54.37
53.49
52.61
51.73
50.85
49.97
49.09
48.21
47.33
46.45
45.57
44.69
43.81
42.93
42.05
41.17
40.29
39.41
38.53
37.65
36.77
35.89
35.01
34.13
33.25
32.37
31.49
30.61
29.73
28.85
27.97
27.09
26.21
25.33
24.45
23.57
22.69
21.81
20.93
20.05
19.17
18.29
17.41
16.53
15.65
14.37
12.15
8.52
3.15
-2.84
n=15
99.35
95.45
88.24
78.22
71.51
67.42
61.02
57.53
56.65
55.77
54.89
54.01
53.13
52.25
51.37
50.49
49.61
48.73
47.85
46.97
46.09
45.21
44.33
43.45
42.57
41.69
40.81
39.93
39.05
38.17
37.29
36.41
35.53
34.65
33.77
32.89
32.01
31.13
30.25
29.37
28.49
27.61
26.73
25.85
24.97
24.09
23.21
22.33
21.45
20.57
19.69
18.81
17.93
17.05
16.17
15.29
14.41
13.13
10.91
7.28
1.7
-5.02
